[[-1.76714587e+00 -2.94524311e+00  2.94524311e+00 -2.35619449e+00  -2.94524311e+00 -5.89048623e-01]

 [-1.30780983e+00 -4.18041072e-04  1.80800942e+00 -1.97111982e+00  -2.75602491e+00 -6.31502017e-01]

 [-4.88166822e-01  2.91058383e-01 -9.42599442e-01 -6.86202910e-01  -1.08980206e-01 -2.08080240e-01]

 [ 1.25476879e-01  5.52432903e-02 -6.90794351e-01 -6.86944536e-01  -7.07692340e-01 -7.46987217e-02]

 [ 8.08054118e-01  1.65740826e+00 -2.27135763e+00  2.69256306e+00   1.58663329e+00  6.05137988e-01]]


[[-0.         -0.          0.         -0.         -0.         -0.        ]
 [-0.62747749 -0.58915038  1.04264046 -0.91767687 -1.15926144 -0.23827859]
 [-1.72367076 -0.58955743  2.8570078  -2.70342874 -3.44011271 -0.72015407]
 [-2.89087621 -0.49442746  4.37449067 -3.82752785 -4.06232784 -0.64198472]
 [-2.8072864  -4.90947185  6.33253684 -5.78234887 -8.43807815 -1.57873075]]
-----------------------------------------------------------------------------------------------

[[-1.76714587 -2.94524311  2.94524311 -2.35619449 -2.94524311 -0.58904862]
 [-1.78180313 -3.01152908  2.89070577 -2.33655944 -2.9549591  -0.58123061]
 [-1.79646039 -3.07781504  2.83616842 -2.31692438 -2.96467509 -0.57341259]
 [-1.81111765 -3.14410101  2.78163107 -2.29728933 -2.97439108 -0.56559458]
 [-1.82577491 -3.21038697  2.72709372 -2.27765428 -2.98410707 -0.55777657]
 [-1.84043217 -3.27667294  2.67255638 -2.25801923 -2.99382306 -0.54995855]
 [-1.85508943 -3.3429589   2.61801903 -2.23838417 -3.00353906 -0.54214054]
 [-1.86974669 -3.40924487  2.56348168 -2.21874912 -3.01325505 -0.53432252]
 [-1.88440395 -3.47553083  2.50894434 -2.19911407 -3.02297104 -0.52650451]
 [-1.89906121 -3.54181679  2.45440699 -2.17947901 -3.03268703 -0.5186865 ]]

[[-1.89906121 -3.54181679  2.45440699 -2.17947901 -3.03268703 -0.5186865 ]
 [-1.66042667 -3.1559729   2.34669674 -1.9297325  -2.56229024 -0.47489645]
 [-1.42179214 -2.77012901  2.23898648 -1.67998598 -2.09189345 -0.4311064 ]
 [-1.18315761 -2.38428512  2.13127623 -1.43023946 -1.62149666 -0.38731635]
 [-0.94452307 -1.99844123  2.02356598 -1.18049294 -1.15109988 -0.3435263 ]
 [-0.70588854 -1.61259734  1.91585573 -0.93074642 -0.68070309 -0.29973626]
 [-0.467254   -1.22675345  1.80814547 -0.68099991 -0.2103063  -0.25594621]
 [-0.22861947 -0.84090955  1.70043522 -0.43125339  0.26009049 -0.21215616]
 [ 0.01001506 -0.45506566  1.59272497 -0.18150687  0.73048727 -0.16836611]
 [ 0.2486496  -0.06922177  1.48501472  0.06823965  1.20088406 -0.12457606]]


[[ 0.          0.          0.          0.          0.          0.        ]
 [-0.07886553 -0.13237272  0.12968775 -0.10428342 -0.1311156  -0.02600621]
 [-0.1583825  -0.26769147  0.25695162 -0.20769417 -0.26266303 -0.05166494]
 [-0.2385509  -0.40595627  0.38179161 -0.31023225 -0.39464228 -0.07697621]
 [-0.31937074 -0.54716712  0.50420772 -0.41189767 -0.52705335 -0.10194002]
 [-0.400842   -0.69132401  0.62419994 -0.51269041 -0.65989624 -0.12655635]
 [-0.48296471 -0.83842694  0.74176829 -0.61261049 -0.79317096 -0.15082522]
 [-0.56573884 -0.98847591  0.85691275 -0.71165789 -0.92687749 -0.17474662]
 [-0.64916441 -1.14147092  0.96963332 -0.80983263 -1.06101585 -0.19832056]
 [-0.73324142 -1.29741198  1.07993002 -0.9071347  -1.19558603 -0.22154702]]

[[-1.92240806 -3.4086577   2.25557127 -2.22847004 -3.25537506 -0.50784371]
 [-2.00150779 -3.55749747  2.36226246 -2.31978585 -3.37970788 -0.52992333]
 [-2.07000154 -3.68918863  2.46416654 -2.40000182 -3.48313419 -0.55005673]
 [-2.12788931 -3.80373116  2.56128349 -2.46911794 -3.56565397 -0.5682439 ]
 [-2.17517111 -3.90112508  2.65361331 -2.52713421 -3.62726723 -0.58448485]
 [-2.21184692 -3.98137039  2.74115602 -2.57405064 -3.66797396 -0.59877957]
 [-2.23791676 -4.04446707  2.8239116  -2.60986723 -3.68777417 -0.61112807]
 [-2.25338061 -4.09041514  2.90188006 -2.63458397 -3.68666785 -0.62153034]
 [-2.25823849 -4.11921459  2.9750614  -2.64820086 -3.66465501 -0.62998639]
 [-2.25249038 -4.13086542  3.04345561 -2.65071791 -3.62173565 -0.63649622]]


---------------------------------------------------------------------------------------------

[[ 1.57079633  1.04719755  0.52359878  0.52359878  1.04719755  0.52359878]   q
 [ 1.44246709  0.8797642   0.73908439  0.34546614  0.81883394  0.47748474]
 [ 1.05743317  0.73183021  1.33258926 -0.26067302  0.03260099  0.31851112]
 [ 1.3450912   1.25598943  2.10069866 -0.04248049  0.3076046   0.25908565]
 [-0.24088797 -2.27347049  3.30652734 -0.66398086 -2.87742303 -0.04527891]]

[[-0.         -0.          0.         -0.         -0.         -0.        ]   qd
 [-0.60904011 -0.66670153  1.02709347 -0.86475584 -1.12367844 -0.22804552]
 [-0.82663406 -0.61669301  1.6487417  -1.14959413 -1.65039866 -0.34842708]
 [-0.89488918 -0.54466767  1.74260578 -0.93280627 -1.81129612 -0.34203639]
 [-0.73577459  0.31723676  1.14281022 -0.44998995 -1.36649643 -0.20780963]]

[[-1.76714587 -2.94524311  2.94524311 -2.35619449 -2.94524311 -0.58904862]
 [-1.27805471 -0.38826455  2.19022422 -1.96758472 -2.67314907 -0.55117896]
 [ 0.19008499  0.63830715  0.91801695  0.5433933   0.03954797 -0.05072884]
 [-0.53136058 -0.27818043 -0.44869654  0.540546   -0.84403529  0.08268229]
 [ 1.32693353  4.58770257 -2.55028127  1.8735356   3.06803375  0.58845148]]   qdd