6.684381025058326031e+02
6.665541711942009897e+02
6.550130112156720088e+02
6.719250495541703003e+02
6.442059419604408959e+02
6.702966612894223317e+02
6.661408422334475290e+02
6.508634019024786994e+02
6.524146069608827929e+02
6.515853953997071812e+02
6.539514383735928504e+02
6.523347698343853835e+02
6.539073815370793454e+02
6.540489536844811482e+02
6.512259652275758981e+02
6.503140797747724946e+02
6.488152891411452856e+02
6.485191033900028970e+02
6.488895746511145717e+02
6.486007589614068820e+02
6.478051998395784494e+02
