0.000000000000000000e+00
3.906649083930950006e+00
7.813855702215409593e+00
1.172220355629523958e+01
1.563226492748872332e+01
1.954460579261341024e+01
2.345976926495294279e+01
2.737836707191488017e+01
3.130092440559781153e+01
3.522802678983861568e+01
3.916021406408386696e+01
4.309812492159797159e+01
4.704221074089321064e+01
4.931092653421848127e+01
4.932902156927068660e+01
4.934954752961527191e+01
4.937255206535667185e+01
4.939795009063170994e+01
4.942590216362928857e+01
4.945631023451836228e+01
4.948917180876723165e+01
4.952440340094831583e+01
4.956222436656437935e+01
4.960254366988982611e+01
4.964530676830770517e+01
4.969048483882843215e+01
4.973816571587384772e+01
4.978832518778533256e+01
4.984093617661856968e+01
4.989598160679378935e+01
4.995348593185646280e+01
5.001346883314093361e+01
5.007601496373245453e+01
5.014096449852099369e+01
5.020833688332014333e+01
5.027823163526726091e+01
5.035062642351457640e+01
5.042536833284452769e+01
5.050248484205119581e+01
5.058220352688353216e+01
5.066434896472463123e+01
5.074900201837655800e+01
5.083592466179869973e+01
5.092552520269605054e+01
5.101733869454626102e+01
5.111171421097892420e+01
5.120852056499808924e+01
5.130773820265240204e+01
5.140937460184151320e+01
5.151334164753385636e+01
5.161985872531172959e+01
5.172866992758096671e+01
5.183996177337032663e+01
5.195371972566226049e+01
5.206980635799390456e+01
5.218822120344934490e+01
5.230905559075068112e+01
5.243227649707388593e+01
5.255793529792702401e+01
5.268588665138750571e+01
5.281618628862567277e+01
5.294887490564542532e+01
5.308392592323325943e+01
5.322120134101604094e+01
5.336093700321794131e+01
5.350303698560102106e+01
5.364732778580685135e+01
5.379400981162912387e+01
5.394286029711191333e+01
5.409419369928166077e+01
5.424765780183830088e+01
5.440343398158714194e+01
5.456153595614360796e+01
5.472183409092113493e+01
5.488439440520617296e+01
5.504911644949439165e+01
5.521617038297598867e+01
5.538545108963963060e+01
5.555680859247101466e+01
5.573042050730217056e+01
5.555008525527135532e+01
5.525741941998992246e+01
5.496373340782199790e+01
5.466939597334879153e+01
5.437410011271319377e+01
5.407768337600597874e+01
5.378039273870674464e+01
5.348201410666143119e+01
5.318240901685861388e+01
5.288161566579927353e+01
5.257953336341744688e+01
5.227621625039527231e+01
5.197143402376687504e+01
5.166536400514198135e+01
5.135772928006110050e+01
5.104848297993200390e+01
5.073764521289071894e+01
5.042529876258159760e+01
5.011108641667919983e+01
4.979523695349838874e+01
4.947761722551756947e+01
4.915800717113625495e+01
4.883655696716488137e+01
4.851317815142647305e+01
4.818772960718975895e+01
4.786025895634217875e+01
4.753068064946964455e+01
4.719890091951540256e+01
4.686499370204264636e+01
4.652876787284276361e+01
4.619011367363498977e+01
4.584896059855151407e+01
4.550543753245960232e+01
4.515949676219135256e+01
4.481105784034589590e+01
4.446015870550112226e+01
4.410657392361228091e+01
4.375045078769802842e+01
4.339162940751450037e+01
4.303013012532387904e+01
4.266595213183376956e+01
4.229897697570557824e+01
4.192921643210699756e+01
4.155662160888205392e+01
4.118116188218251494e+01
4.080277679480533237e+01
4.042146543482485299e+01
4.003719096344897110e+01
3.964992022668082683e+01
3.925968304371007633e+01
3.886638118418819943e+01
3.847002289890238558e+01
3.807053491187859606e+01
3.766586000454073258e+01
3.725663571959686493e+01
3.684271587947420556e+01
3.642426951661996526e+01
3.600115279052727146e+01
3.557350163636141360e+01
3.514136054653069863e+01
3.470469047596960621e+01
3.426366879694882783e+01
3.381815969474458683e+01
3.336838786342159580e+01
3.291426452081883269e+01
3.245585957163616797e+01
3.199334101837206035e+01
3.152652519728443892e+01
3.105570213516292810e+01
3.058079057528986411e+01
3.010186554663079761e+01
2.961899216724724582e+01
2.913220887395023340e+01
2.864160130255575254e+01
2.814728065845783078e+01
2.764927719449318744e+01
2.714768197337566846e+01
2.664252602056435748e+01
2.613396761300863247e+01
2.562203289129772799e+01
2.510682921117610888e+01
2.458848966934379376e+01
2.406707702211507538e+01
2.354276832781810214e+01
2.301567230948765186e+01
2.248594346988836890e+01
2.195368695409405291e+01
2.141911484366678309e+01
2.088239653660957984e+01
2.034373804940612374e+01
1.980336514236849865e+01
1.926153670194942791e+01
1.871847114818179492e+01
1.817449740254950186e+01
1.763001532667073690e+01
1.708531933180137941e+01
1.654090243252142400e+01
1.599636462097535272e+01
1.545305116526527733e+01
1.491169959498606623e+01
1.437306085914063658e+01
1.383797373212317616e+01
1.330742723214507173e+01
1.278255373287541019e+01
1.226467714706362955e+01
1.175531845736457193e+01
1.125627496682721151e+01
1.076962984463744988e+01
1.029785376744023928e+01
9.843779568751529041e+00
9.410736681013926130e+00
9.002526475525517213e+00
8.623467057241144929e+00
8.278410527804570762e+00
7.972608158651072863e+00
7.711644683281774881e+00
7.501061926493228782e+00
7.346146157748318473e+00
7.251338173819009469e+00
6.896514955253653767e+00
0.000000000000000000e+00
