0.000000000000000000e+00
1.099729587225914060e-02
2.199459174451828120e-02
3.299188761677741832e-02
4.398918348903656239e-02
5.498647936129570646e-02
6.598377523355483665e-02
7.698107110581398072e-02
8.797836697807312478e-02
9.897566285033226885e-02
1.099729587225914129e-01
1.209702545948505431e-01
1.319675504671096733e-01
1.429648463393688174e-01
1.539621422116279614e-01
1.649594380838871055e-01
1.759567339561462496e-01
1.869540298284053936e-01
1.979513257006645377e-01
2.089486215729236818e-01
2.199459174451828258e-01
2.309432133174419421e-01
2.419405091897010862e-01
2.529378050619602303e-01
2.639351009342193466e-01
2.749323968064785184e-01
2.859296926787376347e-01
2.969269885509968065e-01
3.079242844232559229e-01
3.189215802955150947e-01
3.299188761677742110e-01
3.409161720400333828e-01
3.519134679122924991e-01
3.629107637845516154e-01
3.739080596568107873e-01
3.849053555290699036e-01
3.959026514013290754e-01
4.068999472735881917e-01
4.178972431458473635e-01
4.288945390181064798e-01
4.398918348903656517e-01
4.508891307626247680e-01
4.618864266348838843e-01
4.728837225071430561e-01
4.838810183794021724e-01
4.948783142516613442e-01
5.058756101239204606e-01
5.168729059961796324e-01
5.278702018684386932e-01
5.388674977406978650e-01
5.498647936129570368e-01
5.608620894852162087e-01
5.718593853574752695e-01
5.828566812297344413e-01
5.938539771019936131e-01
6.048512729742527849e-01
6.158485688465118457e-01
6.268458647187710175e-01
6.378431605910301894e-01
6.488404564632892502e-01
6.598377523355484220e-01
6.708350482078075938e-01
6.818323440800667656e-01
6.928296399523258264e-01
7.038269358245849983e-01
7.148242316968441701e-01
7.258215275691032309e-01
7.368188234413624027e-01
7.478161193136215745e-01
7.588134151858807463e-01
7.698107110581398072e-01
7.808080069303989790e-01
7.918053028026581508e-01
8.028025986749172116e-01
8.137998945471763834e-01
8.247971904194355552e-01
8.357944862916947271e-01
8.467917821639537879e-01
8.577890780362129597e-01
8.687863739084721315e-01
8.797836697807313033e-01
8.907809656529903641e-01
9.017782615252495360e-01
9.127755573975087078e-01
9.237728532697677686e-01
9.347701491420269404e-01
9.457674450142861122e-01
9.567647408865452840e-01
9.677620367588043448e-01
9.787593326310635167e-01
9.897566285033226885e-01
1.000753924375581860e+00
1.011751220247840921e+00
1.022748516120099982e+00
1.033745811992359265e+00
1.044743107864618326e+00
1.055740403736877386e+00
1.066737699609136669e+00
1.077734995481395730e+00
1.088732291353655013e+00
1.099729587225914074e+00
1.110726883098173134e+00
1.121724178970432417e+00
1.132721474842691478e+00
1.143718770714950539e+00
1.154716066587209822e+00
1.165713362459468883e+00
1.176710658331727943e+00
1.187707954203987226e+00
1.198705250076246287e+00
1.209702545948505570e+00
1.220699841820764631e+00
1.231697137693023691e+00
1.242694433565282974e+00
1.253691729437542035e+00
1.264689025309801096e+00
1.275686321182060379e+00
1.286683617054319440e+00
1.297680912926578500e+00
1.308678208798837783e+00
1.319675504671096844e+00
1.330672800543355905e+00
1.341670096415615188e+00
1.352667392287874248e+00
1.363664688160133531e+00
1.374661984032392592e+00
1.385659279904651653e+00
1.396656575776910936e+00
1.407653871649169997e+00
1.418651167521429057e+00
1.429648463393688340e+00
1.440645759265947401e+00
1.451643055138206462e+00
1.462640351010465745e+00
1.473637646882724805e+00
1.484634942754984088e+00
1.495632238627243149e+00
1.506629534499502210e+00
1.517626830371761493e+00
1.528624126244020554e+00
1.539621422116279614e+00
1.550618717988538897e+00
1.561616013860797958e+00
1.572613309733057019e+00
1.583610605605316302e+00
1.594607901477575362e+00
1.605605197349834423e+00
1.616602493222093706e+00
1.627599789094352767e+00
1.638597084966612050e+00
1.649594380838871110e+00
1.660591676711130171e+00
1.671588972583389454e+00
1.682586268455648515e+00
1.693583564327907576e+00
1.704580860200166859e+00
1.715578156072425919e+00
1.726575451944684980e+00
1.737572747816944263e+00
1.748570043689203324e+00
1.759567339561462607e+00
1.770564635433721667e+00
1.781561931305980728e+00
1.792559227178240011e+00
1.803556523050499072e+00
1.814553818922758133e+00
1.825551114795017416e+00
1.836548410667276476e+00
1.847545706539535537e+00
1.858543002411794820e+00
1.869540298284053881e+00
1.880537594156312942e+00
1.891534890028572224e+00
1.902532185900831285e+00
1.913529481773090568e+00
1.924526777645349629e+00
1.935524073517608690e+00
1.946521369389867973e+00
1.957518665262127033e+00
1.968515961134386094e+00
1.979513257006645377e+00
1.990510552878904438e+00
2.001507848751163721e+00
2.012505144623422559e+00
2.023502440495681842e+00
2.034499736367941125e+00
2.045497032240199964e+00
2.056494328112459247e+00
2.067491623984718530e+00
2.078488919856977368e+00
2.089486215729236651e+00
2.100483511601495934e+00
2.111480807473754773e+00
2.122478103346014056e+00
2.133475399218273338e+00
2.144472695090532621e+00
2.155469990962791460e+00
2.166467286835050743e+00
2.177464582707310026e+00
2.188461878579568864e+00
2.199459174451828147e+00
