0.000000000000000000e+00
6.025245478425022005e-01
1.205435755443438284e+00
1.809120430786062439e+00
2.413965677934490017e+00
3.020359044151860850e+00
3.628688665911037337e+00
4.239343413427452134e+00
4.852713033342773485e+00
5.469188289186385887e+00
6.089161099240782526e+00
6.713024671434291157e+00
7.341173634883418231e+00
7.974004167704131341e+00
8.611914120709101894e+00
9.255303136605331105e+00
9.904572764303530619e+00
1.056012656794734639e+01
1.122237023026742797e+01
1.189171164986167994e+01
1.256856103199938701e+01
1.325333097254269532e+01
1.394643653457637811e+01
1.464829531733002099e+01
1.535932751697561116e+01
1.607995597887708072e+01
1.681060624086459754e+01
1.755170656710259536e+01
1.830368797211434639e+01
1.906698423452460389e+01
1.984203190007249162e+01
2.062927027344779063e+01
2.142914139849527189e+01
2.224209002632913013e+01
2.306856357089588272e+01
2.390901205151757836e+01
2.476388802194749772e+01
2.563364648546108526e+01
2.651874479550740915e+01
2.741964254143787016e+01
2.833680141882989290e+01
2.927068508391808166e+01
3.022175899164346546e+01
3.119049021683170508e+01
3.217734725800578133e+01
3.318279982334065892e+01
3.420731859826621957e+01
3.525137499422294241e+01
3.631544087807818499e+01
3.739998828171004419e+01
3.850548909126764130e+01
3.963241471562025708e+01
4.078123573351077624e+01
4.195242151893115334e+01
4.314643984424633771e+01
4.436375646059379108e+01
4.560483465509697965e+01
4.687013478443827097e+01
4.816011378433958612e+01
4.947522465451991991e+01
5.081591591869987212e+01
5.218263105923828959e+01
5.357580792600544584e+01
5.499587811910155466e+01
5.644326634505412699e+01
5.791838974614173452e+01
5.942165720251002625e+01
3.523690619657977408e+01
3.535687750410313157e+01
3.547575454461083666e+01
3.559353442891561059e+01
3.571021431953584369e+01
3.582579143080203465e+01
3.594026302896001823e+01
3.605362643227113750e+01
3.616587901111007142e+01
3.627701818805881118e+01
3.638704143799825630e+01
3.649594628819695430e+01
3.660373031839611713e+01
3.671039116089241361e+01
3.681592650061736549e+01
3.692033407521373078e+01
3.702361167510925100e+01
3.712575714358693091e+01
3.722676837685251883e+01
3.732664332409904517e+01
3.742537998756812812e+01
3.752297642260868571e+01
3.761943073773196033e+01
3.771474109466412727e+01
3.780890570839566323e+01
3.790192284722763816e+01
3.799379083281489500e+01
3.808450804020645819e+01
3.817407289788275904e+01
3.826248388778977727e+01
3.834973954537009178e+01
3.843583845959145151e+01
3.852077927297126081e+01
3.860456068159912491e+01
3.868718143515554431e+01
3.876864033692809386e+01
3.884893624382435462e+01
3.892806806638167672e+01
3.900603476877404319e+01
3.908283536881620535e+01
3.915846893796402384e+01
3.923293460131269939e+01
3.930623153759104582e+01
3.937835897915330463e+01
3.944931621196835181e+01
3.951910257560435724e+01
3.958771746321210117e+01
3.965516032150440395e+01
3.972143065073250057e+01
3.978652800465967943e+01
3.985045199053188725e+01
3.991320226904521462e+01
3.997477855431007043e+01
4.003518061381299731e+01
4.009440826837514749e+01
4.015246139210742626e+01
4.020933991236330485e+01
4.026504380968798102e+01
4.031957311776520214e+01
4.037292792336044300e+01
4.042510836626158266e+01
4.047611463921634112e+01
4.052594698786685257e+01
4.057460571068126143e+01
4.062209115888244781e+01
4.066840373637352712e+01
4.071354389966047904e+01
6.005022097058598263e+01
5.944782304822661700e+01
5.882954590556132501e+01
5.819574308371050364e+01
5.754676633822101195e+01
5.688296539096447901e+01
5.620468769673864529e+01
5.551227822426358927e+01
5.480607925126084723e+01
5.408643017330008007e+01
5.335366732609603702e+01
5.260812382094001549e+01
5.185012939294498580e+01
5.108001026178816772e+01
5.029808900463122967e+01
4.950468444090185471e+01
4.870011152862040404e+01
4.788468127195366009e+01
4.705870063969064887e+01
4.622247249432163585e+01
4.537629553141643868e+01
4.452046422899762490e+01
4.365526880660489439e+01
4.278099519375333415e+01
4.189792500748789905e+01
4.100633553874847337e+01
4.010649974725112088e+01
3.919868626460765171e+01
3.828315940540313278e+01
3.736017918595504028e+01
3.643000135048740162e+01
3.549287740445014094e+01
3.454905465472671011e+01
3.359877625647087029e+01
3.264228126632377780e+01
3.167980470176116370e+01
3.071157760633178668e+01
2.973782712054763877e+01
2.875877655819557432e+01
2.777464548783925835e+01
2.678564981929121913e+01
2.579200189483475114e+01
2.479391058498187661e+01
2.379158138855697757e+01
2.278521653690226856e+01
2.177501510200319501e+01
2.076117310833505059e+01
1.974388364824184805e+01
1.872333700065464157e+01
1.769972075296631076e+01
1.667321992588076185e+01
1.564401710105819099e+01
1.461229255138189131e+01
1.357822437367615009e+01
1.254198862370524736e+01
1.150375945328904770e+01
1.046370924937252056e+01
9.422008774888521287e+00
8.378827311256019428e+00
7.334332802358268566e+00
6.288691999847012326e+00
5.242070609621015009e+00
4.194633439328367963e+00
3.146544546743752946e+00
2.097967388873139605e+00
1.049064971638949961e+00
0.000000000000000000e+00
