7.330000000000000124e-06
3.669999999999999760e-05
1.026250000000000008e-04
2.199109999999999889e-04
4.031710000000000198e-04
6.670649999999999974e-04
1.026254000000000098e-03
1.495397999999999996e-03
2.089159000000000155e-03
2.822196999999999813e-03
3.709173999999999978e-03
4.764749000000000415e-03
6.003584000000000177e-03
7.440338999999999807e-03
9.089675000000000185e-03
1.096625300000000046e-02
1.308473299999999943e-02
1.545977699999999920e-02
1.810604600000000064e-02
2.103819900000000048e-02
2.426356699999999977e-02
2.778215100000000146e-02
3.159395000000000259e-02
3.569896499999999917e-02
4.009719400000000267e-02
4.478130899999999831e-02
4.973664800000000136e-02
5.494854999999999878e-02
6.040235499999999785e-02
6.608340099999999995e-02
7.197702899999999793e-02
7.806857700000000011e-02
8.434338500000000682e-02
9.078679200000000504e-02
9.738413599999999615e-02
1.041207579999999938e-01
1.109819959999999994e-01
1.179531909999999989e-01
1.250196799999999941e-01
1.321668029999999994e-01
1.393799000000000010e-01
1.466443090000000005e-01
1.539453699999999980e-01
1.612684229999999941e-01
1.685988059999999900e-01
1.759291890000000136e-01
1.832595710000000100e-01
1.905899540000000059e-01
1.979203370000000017e-01
2.052507199999999976e-01
2.125811029999999935e-01
2.199114859999999894e-01
2.272418690000000130e-01
2.345722510000000094e-01
2.419026340000000053e-01
2.492330170000000011e-01
2.565633999999999970e-01
2.638937829999999929e-01
2.712241659999999888e-01
2.785545489999999846e-01
2.858849310000000088e-01
2.932153140000000047e-01
3.005456970000000005e-01
3.078760799999999964e-01
3.152064629999999923e-01
3.225368459999999882e-01
3.298672289999999840e-01
3.371976110000000082e-01
3.445279940000000041e-01
3.518583769999999999e-01
3.591887599999999958e-01
3.665191429999999917e-01
3.738495259999999876e-01
3.811799089999999834e-01
3.885102910000000076e-01
3.958406740000000035e-01
4.031710569999999993e-01
4.105014399999999952e-01
4.178318229999999911e-01
4.251622059999999870e-01
4.324925889999999828e-01
4.398229719999999787e-01
4.471533540000000029e-01
4.544837369999999988e-01
4.618141199999999946e-01
4.691445029999999905e-01
4.764748859999999864e-01
4.838052689999999822e-01
4.911356519999999781e-01
4.984660340000000023e-01
5.057964169999999982e-01
5.131267999999999940e-01
5.204571829999999899e-01
5.277875659999999858e-01
5.351179489999999817e-01
5.424483319999999775e-01
5.497787140000000017e-01
5.571090969999999976e-01
5.644394799999999934e-01
5.717698629999999893e-01
5.791002459999999852e-01
5.864306289999999811e-01
5.937610119999999769e-01
6.010913940000000011e-01
6.084217769999999970e-01
6.157521599999999928e-01
6.230825429999999887e-01
6.304129259999999846e-01
6.377433089999999805e-01
6.450736919999999763e-01
6.524040740000000005e-01
6.597344569999999964e-01
6.670648399999999922e-01
6.743952229999999881e-01
6.817256059999999840e-01
6.890559889999999799e-01
6.963863719999999757e-01
7.037167539999999999e-01
7.110471369999999958e-01
7.183775199999999916e-01
7.257079029999999875e-01
7.330382859999999834e-01
7.403686689999999793e-01
7.476990519999999751e-01
7.550294339999999993e-01
7.623598169999999952e-01
7.696901999999999910e-01
7.770205829999999869e-01
7.843509659999999828e-01
7.916813489999999787e-01
7.990117319999999745e-01
8.063421139999999987e-01
8.136724969999999946e-01
8.210028799999999904e-01
8.283332629999999863e-01
8.356636459999999822e-01
8.429940289999999781e-01
8.503244119999999739e-01
8.576547939999999981e-01
8.649851769999999940e-01
8.723155599999999898e-01
8.796459429999999857e-01
8.869763259999999816e-01
8.943067089999999775e-01
9.016370919999999733e-01
9.089674739999999975e-01
9.162978569999999934e-01
9.236282399999999893e-01
9.309586229999999851e-01
9.382890059999999810e-01
9.456193889999999769e-01
9.529497719999999727e-01
9.602801539999999969e-01
9.676105369999999928e-01
9.749409199999999887e-01
9.822713029999999845e-01
9.896016859999999804e-01
9.969320689999999763e-01
1.004262452000000083e+00
1.011592833999999996e+00
1.018923216999999992e+00
1.026253599999999988e+00
1.033583982999999984e+00
1.040914365999999980e+00
1.048244748999999976e+00
1.055575131999999972e+00
1.062905514000000107e+00
1.070235897000000103e+00
1.077566280000000098e+00
1.084896663000000094e+00
1.092227046000000090e+00
1.099557429000000086e+00
1.106887812000000082e+00
1.114218193999999995e+00
1.121548576999999991e+00
1.128878959999999987e+00
1.136209342999999983e+00
1.143539725999999979e+00
1.150870108999999974e+00
1.158200491999999970e+00
1.165530874000000106e+00
1.172861257000000101e+00
1.180191640000000097e+00
1.187522023000000093e+00
1.194852406000000089e+00
1.202182789000000085e+00
1.209513172000000081e+00
1.216843553999999994e+00
1.224173936999999990e+00
1.231504319999999986e+00
1.238834702999999982e+00
1.246165085999999977e+00
1.253495468999999973e+00
1.260825851999999969e+00
1.268156234999999965e+00
1.275486617000000100e+00
1.282817000000000096e+00
1.290147383000000092e+00
1.297477766000000088e+00
1.304808149000000084e+00
1.312138532000000080e+00
1.319468915000000075e+00
1.326799296999999989e+00
1.334129679999999984e+00
1.341460062999999980e+00
1.348790445999999976e+00
1.356120828999999972e+00
1.363451211999999968e+00
1.370781594999999964e+00
1.378111977000000099e+00
1.385442360000000095e+00
1.392772743000000091e+00
1.400103126000000087e+00
1.407433509000000083e+00
1.414763892000000078e+00
1.422094275000000074e+00
1.429424656999999987e+00
1.436755039999999983e+00
1.444085422999999979e+00
1.451415805999999975e+00
1.458746188999999971e+00
1.466076571999999967e+00
1.473406954999999963e+00
1.480737337000000098e+00
1.488067720000000094e+00
1.495398103000000090e+00
1.502728486000000085e+00
1.510058869000000081e+00
1.517389252000000077e+00
1.524719635000000073e+00
1.532050016999999986e+00
1.539380399999999982e+00
1.546710782999999978e+00
1.554041165999999974e+00
1.561371548999999970e+00
1.568701931999999966e+00
1.576032314999999961e+00
1.583362697000000097e+00
1.590693080000000093e+00
1.598023463000000088e+00
1.605353846000000084e+00
1.612684229000000080e+00
1.620014612000000076e+00
1.627344995000000072e+00
1.634675376999999985e+00
1.642005759999999981e+00
1.649336142999999977e+00
1.656666525999999973e+00
1.663996908999999969e+00
1.671327291999999964e+00
1.678657674999999960e+00
1.685988057000000095e+00
1.693318440000000091e+00
1.700648823000000087e+00
1.707979206000000083e+00
1.715309586000000053e+00
1.722639958000000027e+00
1.729970314000000009e+00
1.737300641999999895e+00
1.744630928999999941e+00
1.751961158000000074e+00
1.759291308999999970e+00
1.766621358999999947e+00
1.773951282000000074e+00
1.781281050000000032e+00
1.788610631000000062e+00
1.795939989000000070e+00
1.803269086000000021e+00
1.810597879999999993e+00
1.817926326999999898e+00
1.825254377999999900e+00
1.832581981999999998e+00
1.839909083000000001e+00
1.847235622999999993e+00
1.854561539999999953e+00
1.861886772000000079e+00
1.869211254000000100e+00
1.876534920999999967e+00
1.883857710000000019e+00
1.891179552000000097e+00
1.898500391000000009e+00
1.905820174999999894e+00
1.913138862000000051e+00
1.920456418000000109e+00
1.927772816000000056e+00
1.935088039000000038e+00
1.942402076999999894e+00
1.949714930999999929e+00
1.957026608999999917e+00
1.964337127999999932e+00
1.971646514999999988e+00
1.978954804000000012e+00
1.986262041000000034e+00
1.993568280000000081e+00
2.000873584999999899e+00
2.008178029000000198e+00
2.015481695000000073e+00
2.022784677000000197e+00
2.030087078999999850e+00
2.037389012999999860e+00
2.044690593999999972e+00
2.051991940000000181e+00
2.059293169000000034e+00
2.066591251999999823e+00
2.073872532000000213e+00
2.081122474999999916e+00
2.088326540999999814e+00
2.095470181000000043e+00
2.102538839000000159e+00
2.109517949999999864e+00
2.116392943000000137e+00
2.123149236000000162e+00
2.129772240999999955e+00
2.136247360000000040e+00
2.142559986999999833e+00
2.148695506999999782e+00
2.154639297000000120e+00
2.160376724999999887e+00
2.165893147999999879e+00
2.171173914999999788e+00
2.176204365999999890e+00
2.180969831000000081e+00
2.185455632000000037e+00
2.189650227000000005e+00
2.193552696999999885e+00
2.197162989999999816e+00
2.200481052999999854e+00
2.203506830999999888e+00
2.206243413000000153e+00
2.208704511000000092e+00
2.210904681999999788e+00
2.212858461999999804e+00
2.214580368000000021e+00
2.216084876000000037e+00
2.217386423000000217e+00
2.218499390999999932e+00
2.219438106000000133e+00
2.220216837999999804e+00
2.220849782999999800e+00
2.221351064999999902e+00
2.221734716999999915e+00
2.222014682000000185e+00
2.222204813999999917e+00
2.222318860000000118e+00
2.222370460000000048e+00
2.222373129000000169e+00
2.222340261999999900e+00
2.222285126000000055e+00
2.222217710999999873e+00
2.222137237000000098e+00
2.222041941000000076e+00
2.221929922000000168e+00
2.221799143999999782e+00
2.221647456999999992e+00
2.221472592000000024e+00
2.221272235999999900e+00
2.221044014999999927e+00
2.220785493000000166e+00
2.220494226000000015e+00
2.220167759999999824e+00
2.219803705999999988e+00
2.219399716999999939e+00
2.218953492999999888e+00
2.218462831000000079e+00
2.217925628000000149e+00
2.217339947000000144e+00
2.216703997999999842e+00
2.216016145000000215e+00
2.215274969999999843e+00
2.214479255000000091e+00
2.213628036999999882e+00
2.212720605999999979e+00
2.211756505999999955e+00
2.210735581999999866e+00
2.209657965999999973e+00
2.208524023999999919e+00
2.207334420000000019e+00
2.206090102000000108e+00
2.204792298000000095e+00
2.203442495000000001e+00
2.202042341999999930e+00
2.200593707999999982e+00
2.199098671999999866e+00
2.197559478000000066e+00
2.195978540000000034e+00
2.194358317999999919e+00
2.192701388999999779e+00
2.191010424999999984e+00
2.189288143000000186e+00
2.187537317999999953e+00
2.185760668999999989e+00
2.183960919000000001e+00
2.182140796000000105e+00
2.180302918000000201e+00
2.178449855000000213e+00
2.176584078999999949e+00
2.174707943000000032e+00
2.172823702000000079e+00
2.170933413999999839e+00
2.169039001999999883e+00
2.167142307000000212e+00
2.165244976999999960e+00
2.163348526000000049e+00
2.161454293999999887e+00
2.159563481000000174e+00
2.157677227999999836e+00
2.155796512999999859e+00
2.153922200999999870e+00
2.152055025000000121e+00
2.150195572999999971e+00
2.148344407999999817e+00
2.146501977999999866e+00
2.144668648000000122e+00
2.142844728000000032e+00
2.141030434999999787e+00
2.139225984999999941e+00
2.137431513000000116e+00
2.135647066999999844e+00
2.133872724999999804e+00
2.132108505000000154e+00
2.130354368999999970e+00
2.128610285000000157e+00
2.126876175000000035e+00
2.125152012000000035e+00
2.123437739999999962e+00
2.121733256999999817e+00
2.120038533999999864e+00
2.118353524000000210e+00
2.116678210999999976e+00
2.115012618000000177e+00
2.113356744999999925e+00
2.111710670999999984e+00
2.110074485000000166e+00
2.108448324999999901e+00
2.106832421000000011e+00
2.105227004000000068e+00
2.103632365999999809e+00
2.102048871000000041e+00
2.100476909999999808e+00
2.098916948999999921e+00
2.097369515000000018e+00
2.095835221000000193e+00
2.094314798000000089e+00
2.092809009999999859e+00
2.091318713999999801e+00
2.089844891999999899e+00
2.088388575999999830e+00
2.086950884000000173e+00
2.085533003000000107e+00
2.084136201999999827e+00
2.082761831000000008e+00
2.081411236000000109e+00
2.080085806000000037e+00
2.078786964999999931e+00
2.077516107000000112e+00
2.076274637000000034e+00
2.075063922000000005e+00
2.073885302999999958e+00
2.072740088000000203e+00
2.071629505999999843e+00
2.070554732999999814e+00
2.069516871999999896e+00
2.068516895000000133e+00
2.067555687000000031e+00
2.066634026000000013e+00
2.065752527999999977e+00
2.064911672000000031e+00
2.064111762000000017e+00
2.063352955000000044e+00
2.062635240000000092e+00
2.061958408999999826e+00
2.061322105999999987e+00
2.060725811999999824e+00
2.060168832000000005e+00
2.059650314999999843e+00
2.059169256000000114e+00
2.058724552000000152e+00
2.058314982000000182e+00
2.057939213000000045e+00
2.057595845999999895e+00
2.057283409000000063e+00
2.057000366000000025e+00
2.056745140999999943e+00
2.056516119999999948e+00
2.056311666000000038e+00
2.056130141000000133e+00
2.055969906000000069e+00
2.055829372999999904e+00
2.055706987999999846e+00
2.055601236000000220e+00
2.055510686999999947e+00
2.055433981999999826e+00
2.055369853000000191e+00
2.055317134000000046e+00
2.055274762999999894e+00
2.055241795000000149e+00
2.055217390999999783e+00
2.055200813999999987e+00
2.055191441999999924e+00
2.055188754000000007e+00
2.055192331000000205e+00
2.055201836000000171e+00
2.055217018000000007e+00
2.055237707999999941e+00
2.055263805000000055e+00
2.055295270999999868e+00
2.055332136000000087e+00
2.055374476999999978e+00
2.055422416999999946e+00
2.055476121999999961e+00
2.055535787999999808e+00
2.055601639999999897e+00
2.055673914999999852e+00
2.055752857999999961e+00
2.055838730000000059e+00
2.055931780999999958e+00
2.056032253999999782e+00
2.056140377999999824e+00
2.056256357000000090e+00
2.056380373000000095e+00
2.056512579000000063e+00
2.056653101999999844e+00
2.056802042999999802e+00
2.056959473000000038e+00
2.057125431999999865e+00
2.057299936000000162e+00
2.057482972999999937e+00
2.057674506000000125e+00
2.057874469999999789e+00
2.058082779999999889e+00
2.058299337999999867e+00
2.058524015999999790e+00
2.058756674000000064e+00
2.058997160000000104e+00
2.059245307999999941e+00
2.059500942000000112e+00
2.059763870999999913e+00
2.060033901999999806e+00
2.060310842999999892e+00
2.060594488000000002e+00
2.060884634999999854e+00
2.061181088000000106e+00
2.061483653999999888e+00
2.061792146000000159e+00
2.062106382000000071e+00
2.062426183999999996e+00
2.062751390999999934e+00
2.063081840999999805e+00
2.063417391000000212e+00
2.063757911999999806e+00
2.064103274999999904e+00
2.064453364999999874e+00
2.064808080999999795e+00
2.065167329999999968e+00
2.065531029999999824e+00
2.065899100999999849e+00
2.066271476999999912e+00
2.066648103999999986e+00
2.067028923000000074e+00
2.067413887999999922e+00
2.067802959999999857e+00
2.068196105999999812e+00
2.068593299999999857e+00
2.068994511000000092e+00
2.069399720999999914e+00
2.069808919000000191e+00
2.070222080999999825e+00
2.070639193999999961e+00
2.071060248999999853e+00
2.071485233000000203e+00
2.071914147999999845e+00
2.072346985999999891e+00
2.072783736999999959e+00
2.073224393999999915e+00
2.073668937999999962e+00
2.074117359000000160e+00
2.074569651000000015e+00
2.075025794000000090e+00
2.075485780000000169e+00
2.075949593999999898e+00
2.076417215999999843e+00
2.076888633999999900e+00
2.077363817000000168e+00
2.077842748000000128e+00
2.078325412999999955e+00
2.078811781000000192e+00
2.079301838000000124e+00
2.079795557999999822e+00
2.080292914999999798e+00
2.080793884999999843e+00
2.081298429999999922e+00
2.081806523000000020e+00
2.082318141000000011e+00
2.082833245000000222e+00
2.083351809999999915e+00
2.083873800000000109e+00
2.084399175000000159e+00
2.084927911999999939e+00
2.085459970000000052e+00
2.085995322000000041e+00
2.086533944999999779e+00
2.087075796999999788e+00
2.087620858000000190e+00
2.088169092999999865e+00
2.088720465000000193e+00
2.089274952999999879e+00
2.089832519999999860e+00
2.090393143000000009e+00
2.090956799000000199e+00
2.091523451000000033e+00
2.092093080999999799e+00
2.092665658000000040e+00
2.093241147000000080e+00
2.093819530000000206e+00
2.094400773999999910e+00
2.094984864000000169e+00
2.095571786999999908e+00
2.096161514999999920e+00
2.096754038999999903e+00
2.097349336000000175e+00
2.097947382000000083e+00
2.098548168000000214e+00
2.099151664999999944e+00
2.099757863999999863e+00
2.100366758999999917e+00
2.100978326999999979e+00
2.101592564999999802e+00
2.102209456000000198e+00
2.102828979999999959e+00
2.103451134999999805e+00
2.104075898000000056e+00
2.104703264999999934e+00
2.105333236999999968e+00
2.105965794999999918e+00
2.106600943000000115e+00
2.107238664000000039e+00
2.107878942999999783e+00
2.108521785999999842e+00
2.109167173999999978e+00
2.109815111000000076e+00
2.110465583999999950e+00
2.111118566000000030e+00
2.111774046999999932e+00
2.112430046000000061e+00
2.113074555999999937e+00
2.113694161999999821e+00
2.114275428000000012e+00
2.114804993999999994e+00
2.115269533999999840e+00
2.115655754000000055e+00
2.115950486000000019e+00
2.116140641999999961e+00
2.116213292999999940e+00
2.116155682000000038e+00
2.115955177000000020e+00
2.115599362999999844e+00
2.115075986999999991e+00
2.114372965999999909e+00
2.113478414999999888e+00
2.112380598000000109e+00
2.111067967999999961e+00
2.109529139999999803e+00
2.107752865000000142e+00
2.105730018000000037e+00
2.103461633999999858e+00
2.100950312000000153e+00
2.098198811000000052e+00
2.095209950000000099e+00
2.091988595000000117e+00
2.088549691999999958e+00
2.084909575000000181e+00
2.081084585000000153e+00
2.077090820000000004e+00
2.072944166000000088e+00
2.068660309999999836e+00
2.064254503999999990e+00
2.059741613999999998e+00
2.055135941000000077e+00
2.050451213000000106e+00
2.045700635999999850e+00
2.040896736000000100e+00
2.036051410999999867e+00
2.031175941999999957e+00
2.026280975000000151e+00
2.021376574000000037e+00
2.016472203999999824e+00
2.011576761999999796e+00
2.006698602000000164e+00
2.001843575000000097e+00
1.997007020999999938e+00
1.992182383999999917e+00
1.987362625000000049e+00
1.982540414000000029e+00
1.977708116000000071e+00
1.972857851999999967e+00
1.967981677999999901e+00
1.963071567000000073e+00
1.958119743999999995e+00
1.953118679999999996e+00
1.948061070000000061e+00
1.942940139000000066e+00
1.937749608999999928e+00
1.932483860999999914e+00
1.927137931000000082e+00
1.921707478000000080e+00
1.916188911000000106e+00
1.910579360999999921e+00
1.904876664999999969e+00
1.899079366999999907e+00
1.893186682000000065e+00
1.887198496999999975e+00
1.881115349999999964e+00
1.874938406999999918e+00
1.868669460000000004e+00
1.862310852000000017e+00
1.855865469999999906e+00
1.849336743000000061e+00
1.842728471000000035e+00
1.836044830000000072e+00
1.829290341999999958e+00
1.822469711999999964e+00
1.815587829999999903e+00
1.808649552999999965e+00
1.801659706999999999e+00
1.794623093000000003e+00
1.787544301999999918e+00
1.780427726999999960e+00
1.773277511999999945e+00
1.766097556000000068e+00
1.758891521000000013e+00
1.751662792000000080e+00
1.744414490999999900e+00
1.737149475999999915e+00
1.729870344000000060e+00
1.722579445000000042e+00
1.715278880999999922e+00
1.707970509999999997e+00
1.700655954999999997e+00
1.693336608000000076e+00
1.686013650000000030e+00
1.678688055000000068e+00
1.671360592999999950e+00
1.664031880000000019e+00
1.656702380000000030e+00
1.649372411999999954e+00
1.642042194000000066e+00
1.634711851999999910e+00
1.627381468999999914e+00
1.620051085999999918e+00
1.612720704000000005e+00
1.605390321000000009e+00
1.598059938000000013e+00
1.590729555000000017e+00
1.583399172000000021e+00
1.576068789000000026e+00
1.568738406000000030e+00
1.561408023999999894e+00
1.554077640999999899e+00
1.546747257999999903e+00
1.539416874999999907e+00
1.532086491999999911e+00
1.524756108999999915e+00
1.517425725999999919e+00
1.510095344000000006e+00
1.502764961000000010e+00
1.495434578000000014e+00
1.488104195000000018e+00
1.480773812000000023e+00
1.473443429000000027e+00
1.466113046000000031e+00
1.458782663999999896e+00
1.451452280999999900e+00
1.444121897999999904e+00
1.436791514999999908e+00
1.429461131999999912e+00
1.422130748999999916e+00
1.414800365999999920e+00
1.407469984000000007e+00
1.400139601000000011e+00
1.392809218000000016e+00
1.385478835000000020e+00
1.378148452000000024e+00
1.370818069000000028e+00
1.363487686000000032e+00
1.356157303999999897e+00
1.348826920999999901e+00
1.341496537999999905e+00
1.334166154999999909e+00
1.326835771999999913e+00
1.319505388999999917e+00
1.312175005999999922e+00
1.304844624000000008e+00
1.297514241000000013e+00
1.290183858000000017e+00
1.282853475000000021e+00
1.275523092000000025e+00
1.268192709000000029e+00
1.260862326000000033e+00
1.253531943999999898e+00
1.246201560999999902e+00
1.238871177999999906e+00
1.231540794999999910e+00
1.224210411999999915e+00
1.216880028999999919e+00
1.209549645999999923e+00
1.202219264000000010e+00
1.194888881000000014e+00
1.187558498000000018e+00
1.180228115000000022e+00
1.172897732000000026e+00
1.165567349000000030e+00
1.158236966000000034e+00
1.150906583000000039e+00
1.143576200999999903e+00
1.136245817999999907e+00
1.128915434999999912e+00
1.121585051999999916e+00
1.114254668999999920e+00
1.106924285999999924e+00
1.099593902999999928e+00
1.092263521000000015e+00
1.084933138000000019e+00
1.077602755000000023e+00
1.070272372000000027e+00
1.062941989000000031e+00
1.055611606000000036e+00
1.048281223000000040e+00
1.040950840999999905e+00
1.033620457999999909e+00
1.026290074999999913e+00
1.018959691999999917e+00
1.011629308999999921e+00
1.004298925999999925e+00
9.969685430000000403e-01
9.896381610000000162e-01
9.823077780000000203e-01
9.749773950000000244e-01
9.676470120000000286e-01
9.603166290000000327e-01
9.529862460000000368e-01
9.456558630000000409e-01
9.383254810000000168e-01
9.309950980000000209e-01
9.236647150000000250e-01
9.163343320000000292e-01
9.090039490000000333e-01
9.016735660000000374e-01
8.943431830000000415e-01
8.870128010000000174e-01
8.796824180000000215e-01
8.723520350000000256e-01
8.650216520000000298e-01
8.576912690000000339e-01
8.503608860000000380e-01
8.430305030000000421e-01
8.357001210000000180e-01
8.283697380000000221e-01
8.210393550000000262e-01
8.137089720000000304e-01
8.063785890000000345e-01
7.990482060000000386e-01
7.917178230000000427e-01
7.843874410000000186e-01
7.770570580000000227e-01
7.697266750000000268e-01
7.623962920000000310e-01
7.550659090000000351e-01
7.477355260000000392e-01
7.404051430000000433e-01
7.330747610000000192e-01
7.257443780000000233e-01
7.184139950000000274e-01
7.110836120000000315e-01
7.037532290000000357e-01
6.964228460000000398e-01
6.890924630000000439e-01
6.817620810000000198e-01
6.744316980000000239e-01
6.671013150000000280e-01
6.597709320000000321e-01
6.524405490000000363e-01
6.451101660000000404e-01
6.377797830000000445e-01
6.304494010000000204e-01
6.231190180000000245e-01
6.157886350000000286e-01
6.084582520000000327e-01
6.011278690000000369e-01
5.937974860000000410e-01
5.864671030000000451e-01
5.791367210000000210e-01
5.718063380000000251e-01
5.644759550000000292e-01
5.571455720000000333e-01
5.498151890000000375e-01
5.424848060000000416e-01
5.351544230000000457e-01
5.278240410000000216e-01
5.204936580000000257e-01
5.131632750000000298e-01
5.058328920000000339e-01
4.985025089999999826e-01
4.911721259999999867e-01
4.838417429999999908e-01
4.765113610000000222e-01
4.691809780000000263e-01
4.618505949999999749e-01
4.545202119999999790e-01
4.471898289999999832e-01
4.398594459999999873e-01
4.325290629999999914e-01
4.251986810000000228e-01
4.178682980000000269e-01
4.105379149999999755e-01
4.032075319999999796e-01
3.958771489999999837e-01
3.885467659999999879e-01
3.812163829999999920e-01
3.738860010000000234e-01
3.665556180000000275e-01
3.592252349999999761e-01
3.518948519999999802e-01
3.445644689999999843e-01
3.372340859999999885e-01
3.299037029999999926e-01
3.225733199999999967e-01
3.152429379999999726e-01
3.079125549999999767e-01
3.005821719999999808e-01
2.932517889999999849e-01
2.859214059999999891e-01
2.785910229999999932e-01
2.712606399999999973e-01
2.639302579999999732e-01
2.565998749999999773e-01
2.492694920000000092e-01
2.419391090000000133e-01
2.346087259999999897e-01
2.272783429999999938e-01
2.199479599999999979e-01
2.126175780000000015e-01
2.052871950000000056e-01
1.979568120000000098e-01
1.906264289999999861e-01
1.832960459999999903e-01
1.759656629999999944e-01
1.686352799999999985e-01
1.613048980000000021e-01
1.539817719999999890e-01
1.466805650000000127e-01
1.394159369999999898e-01
1.322025490000000025e-01
1.250550609999999951e-01
1.179881339999999945e-01
1.110164299999999993e-01
1.041546079999999957e-01
9.741732999999999643e-02
9.081925600000000098e-02
8.437504699999999469e-02
7.809936400000000445e-02
7.200686800000000165e-02
6.611221899999999985e-02
6.043007799999999818e-02
5.497510600000000275e-02
4.976196399999999881e-02
4.480531299999999939e-02
4.011981199999999775e-02
3.572012299999999946e-02
3.161365000000000008e-02
2.780039200000000016e-02
2.428034899999999968e-02
2.105352200000000160e-02
1.811990999999999949e-02
1.547225500000000073e-02
1.309589799999999991e-02
1.097617700000000016e-02
9.098432000000000047e-03
7.448001000000000101e-03
6.010225000000000116e-03
4.770441000000000265e-03
3.713990999999999820e-03
2.826211999999999822e-03
2.092444000000000161e-03
1.498025999999999958e-03
1.028297999999999972e-03
6.685979999999999571e-04
4.042660000000000220e-04
2.206420000000000061e-04
1.030640000000000012e-04
3.690000000000000246e-05
7.400000000000000300e-06
1.819999999999999919e-10
0.000000000000000000e+00
