-1.522072747662130410e-01
-1.521243387691580407e-01
-1.518723253461643496e-01
-1.514416343345623139e-01
-1.508163208131453048e-01
-1.499741836221654689e-01
-1.488869002313348289e-01
-1.475202187705826062e-01
-1.458342209288807645e-01
-1.437836721320271405e-01
-1.413184778510331308e-01
-1.383842669666730252e-01
-1.349231246958125241e-01
-1.309058256235129392e-01
-1.265499289673611416e-01
-1.219166718481091982e-01
-1.170154332882424736e-01
-1.118561169382432663e-01
-1.064491328120834440e-01
-1.008053781934629828e-01
-9.493621774193074236e-02
-8.885346282882067293e-02
-8.256935013370078624e-02
-7.609651953278216696e-02
-6.944799131145723559e-02
-6.263714273384977937e-02
-5.567768400294167280e-02
-4.858363364551399055e-02
-4.136929335679645492e-02
-3.404922234035282630e-02
-2.663821117935602154e-02
-1.915125527600937058e-02
-1.160352789646501223e-02
-4.010352859166342251e-03
3.612823094901291502e-03
1.125045821101640711e-02
1.888694386902531330e-02
2.650663293106940432e-02
3.409386824816920680e-02
4.163301128462038730e-02
4.910847081870413355e-02
5.650473167777647632e-02
6.380638346539063699e-02
7.099814923771929909e-02
7.806491408618028427e-02
8.499175358283890536e-02
9.176396204485394448e-02
9.836708057396660598e-02
1.047869248267955244e-01
1.110096124715022614e-01
1.170215902862356272e-01
1.228096608546459800e-01
1.283610088136935556e-01
1.336632266089526344e-01
1.387043397126435929e-01
1.434728312597103594e-01
1.479576660574021818e-01
1.521483139240221161e-01
1.560347723127682995e-01
1.596075881769279670e-01
1.628578790330854342e-01
1.657773531794758115e-01
1.683583290271688515e-01
1.705937535023900609e-01
1.724772194789942203e-01
1.740029822008949401e-01
1.751659746551294805e-01
1.759618218571984971e-01
1.763868540113749939e-01
1.764381185098148619e-01
1.761133907355438011e-01
1.754111836357202248e-01
1.743307560330046302e-01
1.728721196443855079e-01
1.710360447784358973e-01
1.688240646836903225e-01
1.662384785226491968e-01
1.632823529478321933e-01
1.599595222583130583e-01
1.562745871172760703e-01
1.522443755956857381e-01
1.479064220501661031e-01
1.432768293414439509e-01
1.383708642279779522e-01
1.332039529612857320e-01
1.277916276052961653e-01
1.221494747481962073e-01
1.162930866644540095e-01
1.102380149705078222e-01
1.039997268042256867e-01
9.759356354565629221e-02
9.103470208481992398e-02
8.433811863132124886e-02
7.751855505039838279e-02
7.059048797522540775e-02
6.356810017934197421e-02
5.646525346208433604e-02
4.929546524084673503e-02
4.207188700298867406e-02
3.480728500551610177e-02
2.751402317306225406e-02
2.020404812435186090e-02
1.288887625355351202e-02
5.579582789740723803e-03
-1.713207244952235156e-03
-8.979326260001762455e-03
-1.620906958713023982e-02
-2.339319932118491194e-02
-3.052294659625867310e-02
-3.759001238235280123e-02
-4.458656124442537949e-02
-5.150520088143897141e-02
-5.833902894902236180e-02
-6.508160768866298740e-02
-7.172695420045235859e-02
-7.826953410989029303e-02
-8.470425433259642922e-02
-9.102645501358448688e-02
-9.723190071563628245e-02
-1.033167709290545022e-01
-1.092776499726789141e-01
-1.151115163535601643e-01
-1.208157316500987483e-01
-1.263880289808046453e-01
-1.318265011181258273e-01
-1.371295883040433428e-01
-1.422960658213654472e-01
-1.473250313718638682e-01
-1.522158923096190164e-01
-1.569683527751654928e-01
-1.615824007732873657e-01
-1.660582952345909802e-01
-1.703965530983100884e-01
-1.745968648436689030e-01
-1.786570824082970299e-01
-1.825779674027326327e-01
-1.863606607596376696e-01
-1.900065319101240380e-01
-1.935171655294696813e-01
-1.968943484152980705e-01
-2.001400565289613021e-01
-2.032564422281871452e-01
-2.062458217164539476e-01
-2.091106627320197531e-01
-2.118535724970909417e-01
-2.144772859452502012e-01
-2.169846542429936520e-01
-2.193786336190469144e-01
-2.216622745130456262e-01
-2.238387110531797897e-01
-2.259111508705111682e-01
-2.278828652558823331e-01
-2.297571796636442842e-01
-2.315374645648401175e-01
-2.332271266509791385e-01
-2.348296003881465976e-01
-2.363483399198846868e-01
-2.377868113160730990e-01
-2.391484851639202602e-01
-2.404368294961469199e-01
-2.416553030377344424e-01
-2.428073479842207116e-01
-2.438963851310705644e-01
-2.449258082020688010e-01
-2.458989778281571448e-01
-2.468192163482881840e-01
-2.476898028912431771e-01
-2.485139687281673337e-01
-2.492948928852330992e-01
-2.500356980055548073e-01
-2.507394464492514463e-01
-2.514091366203825006e-01
-2.520476995093601236e-01
-2.526579954393729510e-01
-2.532428110053296932e-01
-2.538048561938529013e-01
-2.543467616729161995e-01
-2.548710760344975457e-01
-2.553802667307334406e-01
-2.558767170581126016e-01
-2.563627212130974997e-01
-2.568404822398402398e-01
-2.573121101056608517e-01
-2.577796198714499276e-01
-2.582449299472305282e-01
-2.587098604234548960e-01
-2.591761314689802753e-01
-2.596453617870585484e-01
-2.601190671210806826e-01
-2.605986588022462525e-01
-2.610854423317756634e-01
-2.615806159907450579e-01
-2.620852694711020558e-01
-2.626003825219244692e-01
-2.631268236054871146e-01
-2.636653485582330925e-01
-2.642165992522904627e-01
-2.647811022537251424e-01
-2.653592674742968893e-01
-2.659508329524302161e-01
-2.662191897910602956e-01
