4.367631741807952994e-01
4.367614409502152406e-01
4.367562409103146193e-01
4.367475730166337500e-01
4.367354355284844281e-01
4.367198260090632833e-01
4.367007413256140946e-01
4.366781776496344580e-01
4.366521304571294171e-01
4.366225945289117782e-01
4.365895639509479453e-01
4.365530321147518822e-01
4.365129917178240393e-01
4.364694347641392969e-01
4.364223525646807045e-01
4.363717357380215156e-01
4.363175742109545174e-01
4.362598572191703217e-01
4.361985733079821737e-01
4.361337103331020537e-01
4.360652554614635745e-01
4.359931951720950050e-01
4.359175152570429757e-01
4.358382008223447568e-01
4.357552362890526609e-01
4.356686053943084613e-01
4.355782911924702128e-01
4.354842760562903647e-01
4.353865416781467768e-01
4.352850690713270243e-01
4.351798385713661066e-01
4.350708298374381111e-01
4.349580218538030008e-01
4.348413929313087456e-01
4.347209207089501870e-01
4.345965821554825248e-01
4.344683535710949229e-01
4.343362105891399594e-01
4.342001281779231392e-01
4.340600806425510272e-01
4.339160416268402765e-01
4.337679841152877747e-01
4.336158804351015750e-01
4.334597022582956094e-01
4.332994206038472407e-01
4.331350058399189851e-01
4.329664276861461270e-01
4.327936552159886152e-01
4.326166568591532924e-01
4.324354004040785737e-01
4.322498530004941220e-01
4.320599811620455255e-01
4.318657507689915853e-01
4.316671270709732111e-01
4.314640746898549817e-01
4.312565576226397024e-01
4.310445392444592350e-01
4.308279823116395457e-01
4.306068489648432474e-01
4.303811007322908555e-01
4.301506985330596500e-01
4.299156026804641373e-01
4.296757728855173930e-01
4.294311682604743385e-01
4.291817473224596169e-01
4.289274679971796789e-01
4.286682876227212446e-01
4.284041629534372508e-01
4.281350501639204498e-01
4.278609048530679915e-01
4.275816820482362113e-01
4.272973362094877325e-01
4.270078212339323831e-01
4.267130904601633135e-01
4.264130966727885386e-01
4.261077921070604568e-01
4.257971284536049561e-01
4.254810568632484413e-01
4.251595279519496673e-01
4.248324918058319355e-01
4.244998979863205957e-01
4.241616955353866847e-01
4.238178329808966471e-01
4.234682583420720792e-01
4.231129191350577190e-01
4.227517623786027912e-01
4.223847345998532621e-01
4.220117818402605026e-01
4.216328496616038035e-01
4.212478831521312972e-01
4.208568269328198386e-01
4.204596251637542359e-01
4.200562215506287722e-01
4.196465593513721282e-01
4.192305813448778395e-01
4.188082298316716523e-01
4.183794467567146791e-01
4.179441736469973190e-01
4.175023516165495829e-01
4.170539213738377327e-01
4.165988232292920923e-01
4.161369971029731940e-01
4.156683825323723158e-01
4.151929186803534622e-01
4.147105443432323457e-01
4.142211979590001980e-01
4.137248176156883561e-01
4.132213410598789549e-01
4.127107057053623351e-01
4.121928486419410564e-01
4.116677060533662225e-01
4.111352111911465435e-01
4.105952995555690044e-01
4.100479068088770385e-01
4.094929683347504068e-01
4.089304192480933686e-01
4.083601944049837784e-01
4.077822284127841646e-01
4.071964556404163438e-01
4.066028102288023471e-01
4.060012261014718238e-01
4.053916369753368665e-01
4.047739763716390882e-01
4.041481776270653414e-01
4.035141739050384646e-01
4.028718982071817223e-01
4.022212833849591052e-01
4.015622621514921553e-01
4.008947670935576468e-01
4.002187306837626801e-01
3.995340852929033515e-01
3.988407632025061655e-01
3.981386966175523567e-01
3.974294305552727447e-01
3.967169282156030041e-01
3.960009762215225826e-01
3.952815855661935829e-01
3.945587672951593183e-01
3.938325325061761695e-01
3.931028923490442195e-01
3.923698580254369461e-01
3.916334407887306357e-01
3.908936519438321877e-01
3.901505028470077518e-01
3.894040049057081454e-01
3.886541695783962136e-01
3.879010083743705817e-01
3.871445328535922936e-01
3.863847546265062327e-01
3.856216853538660949e-01
3.848553367465555319e-01
3.840857205654095163e-01
3.833128486210362618e-01
3.825367327736358680e-01
3.817573849328205760e-01
3.809748170574325243e-01
3.801890411553625615e-01
3.794000692833659483e-01
3.786079135468801704e-01
3.778125860998392538e-01
3.770140991371177530e-01
3.762124644098677195e-01
3.754076938953004317e-01
3.745997999139312751e-01
3.737887948339608801e-01
3.729746910710955987e-01
3.721575010883667600e-01
3.713372373959491490e-01
3.705139125509787634e-01
3.696875391573707925e-01
3.688581298656345431e-01
3.680256973726905301e-01
3.671902544216840147e-01
3.663518138018004855e-01
3.655103883480776972e-01
3.646659909412194311e-01
3.638186345074070904e-01
3.629683174400488155e-01
3.621150283301408090e-01
3.612587792307111467e-01
3.603995826420631765e-01
3.595374511589715105e-01
3.586723974701537809e-01
3.578044343577353459e-01
3.569335746967063905e-01
3.560598314543736431e-01
3.551832176898027660e-01
3.543037465532571928e-01
3.534214312856284734e-01
3.525362852178617890e-01
3.516483217703738062e-01
3.507575544524668687e-01
3.498639968617349716e-01
3.489676626834648521e-01
3.480685656900333047e-01
3.471667197402946714e-01
3.462621387789673877e-01
3.453548368360118692e-01
3.444448280260044570e-01
3.435329880328444330e-01
3.431380027587446757e-01
