4.367631741807952994e-01
4.367597401143886171e-01
4.367494365430583114e-01
4.367322593506523520e-01
4.367082016775129527e-01
4.366772539213731319e-01
4.366394037386086557e-01
4.365946360458544673e-01
4.365429330219801063e-01
4.364842741104292823e-01
4.364186360219260430e-01
4.363459927375477609e-01
4.362663155121710434e-01
4.361795728782892900e-01
4.360857306502097241e-01
4.359847519286314532e-01
4.358765971056081101e-01
4.357612238699010154e-01
4.356385872127268577e-01
4.355086394339043876e-01
4.353713301484073428e-01
4.352266062933266566e-01
4.350744121352504989e-01
4.349146892780666462e-01
4.347473766711951182e-01
4.345724106182564661e-01
4.343897247861849831e-01
4.341992502147931088e-01
4.340009153267947450e-01
4.337946459382962527e-01
4.335803652697638455e-01
4.333579939574748741e-01
4.331274500654638815e-01
4.328886490979712565e-01
4.326415040124047540e-01
4.323859252328237646e-01
4.321218206639574899e-01
4.318490957057649626e-01
4.315676532685508993e-01
4.312773937886459352e-01
4.309782152446642312e-01
4.306700131743488313e-01
4.303526806920177084e-01
4.300261085066219291e-01
4.296901849404278217e-01
4.293447959483374654e-01
4.289898251378587157e-01
4.286251537897390884e-01
4.282506608792755465e-01
4.278662230983149573e-01
4.274717148779581533e-01
4.270670084119833620e-01
4.266519736809999963e-01
4.262264784773516224e-01
4.257903884307773779e-01
4.253435670348528763e-01
4.248858756742200926e-01
4.244171736526253791e-01
4.239373182217785474e-01
4.234461646110499466e-01
4.229435660580210254e-01
4.224293738399041431e-01
4.219034373058472842e-01
4.213656039101408290e-01
4.208157192463419793e-01
4.202536270823331033e-01
4.196791693963316527e-01
4.190926783688684876e-01
4.185004387591941821e-01
4.179044148549762583e-01
4.173046158254939408e-01
4.167010508975486638e-01
4.160937293553220173e-01
4.154826605402336392e-01
4.148678538507981073e-01
4.142493187424807766e-01
4.136270647275531176e-01
4.130011013749468329e-01
4.123714383101076408e-01
4.117380852148475601e-01
4.111010518271966951e-01
4.104603479412543554e-01
4.098159834070390084e-01
4.091679681303369565e-01
4.085163120725526231e-01
4.078610252505533440e-01
4.072021177365183209e-01
4.065395996577839677e-01
4.058734811966885347e-01
4.052037725904165666e-01
4.045304841308429711e-01
4.038536261643745906e-01
4.031732090917930500e-01
4.024892433680949400e-01
4.018017395023327221e-01
4.011107080574535799e-01
4.004161596501378817e-01
3.997181049506378647e-01
3.990165546826134890e-01
3.983115196229696231e-01
3.976030106016901211e-01
3.968910385016741205e-01
3.961756142585681206e-01
3.954567488606005043e-01
3.947344533484126172e-01
3.940087388148904024e-01
3.932796164049960908e-01
3.925470973155963939e-01
3.918111927952929174e-01
3.910719141442499658e-01
3.903292727140222351e-01
3.895832799073812858e-01
3.888339471781420698e-01
3.880812860309880152e-01
3.873253080212950006e-01
3.865660247549561612e-01
3.858034478882033658e-01
3.850375891274313012e-01
3.842684602290172280e-01
3.834960729991429007e-01
3.827204392936141564e-01
3.819415710176794487e-01
3.811594801258497145e-01
3.803741786217154086e-01
3.795856785577633730e-01
3.787939920351933720e-01
3.779991312037339068e-01
3.772011082614562527e-01
3.763999354545901066e-01
3.755956250773349603e-01
3.747881894716748596e-01
3.739776410271887785e-01
3.731639921808628246e-01
3.723472554169004467e-01
3.715301810683657169e-01
3.707217426908420710e-01
3.699227692992423933e-01
3.691334049132932171e-01
3.683537904884960357e-01
3.675840639508574093e-01
3.668243602314250618e-01
3.660748113006109805e-01
3.653355462022854216e-01
3.646066910876198941e-01
3.638883692486641896e-01
3.631807011516412498e-01
3.624838044699386086e-01
3.617977941167866418e-01
3.611227822776020835e-01
3.604588784419852643e-01
3.598061894353523082e-01
3.591648194501934066e-01
3.585348700769352970e-01
3.579164403344022305e-01
3.573096266998546100e-01
3.567145231385980275e-01
3.561312211331468802e-01
3.555598097119305190e-01
3.550003754775311049e-01
3.544530026344408502e-01
3.539177730163270419e-01
3.533947661127949114e-01
3.528840590956364709e-01
3.523857268445567126e-01
3.518998419723658455e-01
3.514264748496279123e-01
3.509656936287589013e-01
3.505175642675612546e-01
3.500821505521900523e-01
3.496595141195401601e-01
3.492497144790477348e-01
3.488528090338964271e-01
3.484688531016233437e-01
3.480978999341139413e-01
3.477400007369850221e-01
3.473952046883416189e-01
3.470635589569061596e-01
3.467451087195143056e-01
3.464398971779684144e-01
3.461479655752454643e-01
3.458693532110526658e-01
3.456040974567276547e-01
3.453522337694764355e-01
3.451137957059438599e-01
3.448888149351171384e-01
3.446773212505518935e-01
3.444793425819194788e-01
3.442949050058756733e-01
3.441240327562407053e-01
3.439667482334916593e-01
3.438230720135638796e-01
3.436930228559583744e-01
3.435766177111512221e-01
3.434738717273053132e-01
3.433847982562804324e-01
3.433094088589409565e-01
3.432477133097588395e-01
3.431997196007105511e-01
3.431654339444676904e-01
3.431448607768791681e-01
3.431380027587446757e-01
