0.000000000000000000e+00
1.225000000000000047e-02
2.450000000000000094e-02
3.675000000000000488e-02
4.900000000000000189e-02
6.124999999999999889e-02
7.350000000000000977e-02
8.575000000000000677e-02
9.800000000000000377e-02
1.102500000000000008e-01
1.224999999999999978e-01
1.347500000000000087e-01
1.470000000000000195e-01
1.592500000000000027e-01
1.715000000000000135e-01
1.837499999999999967e-01
1.960000000000000075e-01
2.082500000000000184e-01
2.205000000000000016e-01
2.327500000000000124e-01
2.449999999999999956e-01
2.572500000000000342e-01
2.695000000000000173e-01
2.817500000000000004e-01
2.940000000000000391e-01
3.062500000000000222e-01
3.185000000000000053e-01
3.307499999999999885e-01
3.430000000000000271e-01
3.552500000000000102e-01
3.674999999999999933e-01
3.797500000000000320e-01
3.920000000000000151e-01
4.042499999999999982e-01
4.165000000000000369e-01
4.287500000000000200e-01
4.410000000000000031e-01
4.532500000000000417e-01
4.655000000000000249e-01
4.777500000000000080e-01
4.899999999999999911e-01
5.022499999999999742e-01
5.145000000000000684e-01
5.267500000000000515e-01
5.390000000000000346e-01
5.512500000000000178e-01
5.635000000000000009e-01
5.757499999999999840e-01
5.880000000000000782e-01
6.002500000000000613e-01
6.125000000000000444e-01
6.247500000000000275e-01
6.370000000000000107e-01
6.492499999999999938e-01
6.614999999999999769e-01
6.737500000000000711e-01
6.860000000000000542e-01
6.982500000000000373e-01
7.105000000000000204e-01
7.227500000000000036e-01
7.349999999999999867e-01
7.472500000000000808e-01
7.595000000000000639e-01
7.717500000000000471e-01
7.840000000000000302e-01
7.962500000000000133e-01
8.084999999999999964e-01
8.207499999999999796e-01
8.330000000000000737e-01
8.452500000000000568e-01
8.575000000000000400e-01
8.697500000000000231e-01
8.820000000000000062e-01
8.942499999999999893e-01
9.065000000000000835e-01
9.187500000000000666e-01
9.310000000000000497e-01
9.432500000000000329e-01
9.555000000000000160e-01
9.677499999999999991e-01
9.799999999999999822e-01
9.922500000000000764e-01
1.004499999999999948e+00
1.016750000000000043e+00
1.029000000000000137e+00
1.041250000000000009e+00
1.053500000000000103e+00
1.065749999999999975e+00
1.078000000000000069e+00
1.090249999999999941e+00
1.102500000000000036e+00
1.114750000000000130e+00
1.127000000000000002e+00
1.139250000000000096e+00
1.151499999999999968e+00
1.163750000000000062e+00
1.176000000000000156e+00
1.188250000000000028e+00
1.200500000000000123e+00
1.212749999999999995e+00
1.225000000000000089e+00
1.237249999999999961e+00
1.249500000000000055e+00
1.261750000000000149e+00
1.274000000000000021e+00
1.286250000000000115e+00
1.298499999999999988e+00
1.310750000000000082e+00
1.322999999999999954e+00
1.335250000000000048e+00
1.347500000000000142e+00
1.359750000000000014e+00
1.372000000000000108e+00
1.384249999999999980e+00
1.396500000000000075e+00
1.408749999999999947e+00
1.421000000000000041e+00
1.433250000000000135e+00
1.445500000000000007e+00
1.457750000000000101e+00
1.469999999999999973e+00
1.482250000000000068e+00
1.494500000000000162e+00
1.506750000000000034e+00
1.519000000000000128e+00
1.531250000000000000e+00
1.543500000000000094e+00
1.555749999999999966e+00
1.568000000000000060e+00
1.580250000000000155e+00
1.592500000000000027e+00
1.604750000000000121e+00
1.616999999999999993e+00
1.629250000000000087e+00
1.641499999999999959e+00
1.653750000000000053e+00
1.666000000000000147e+00
1.678250000000000020e+00
1.690500000000000114e+00
1.702749999999999986e+00
1.715000000000000080e+00
1.727250000000000174e+00
1.739500000000000046e+00
1.751750000000000140e+00
1.764000000000000012e+00
1.776250000000000107e+00
1.788499999999999979e+00
1.800750000000000073e+00
1.813000000000000167e+00
1.825250000000000039e+00
1.837500000000000133e+00
1.849750000000000005e+00
1.862000000000000099e+00
1.874249999999999972e+00
1.886500000000000066e+00
1.898750000000000160e+00
1.911000000000000032e+00
1.923250000000000126e+00
1.935499999999999998e+00
1.947750000000000092e+00
1.959999999999999964e+00
1.972250000000000059e+00
1.984500000000000153e+00
1.996750000000000025e+00
2.008999999999999897e+00
2.021250000000000213e+00
2.033500000000000085e+00
2.045749999999999957e+00
2.058000000000000274e+00
2.070250000000000146e+00
2.082500000000000018e+00
2.094749999999999890e+00
2.107000000000000206e+00
2.119250000000000078e+00
2.131499999999999950e+00
2.143750000000000266e+00
2.156000000000000139e+00
2.168250000000000011e+00
2.180499999999999883e+00
2.192750000000000199e+00
2.205000000000000071e+00
2.217249999999999943e+00
2.229500000000000259e+00
2.241750000000000131e+00
2.254000000000000004e+00
2.266249999999999876e+00
2.278500000000000192e+00
2.290750000000000064e+00
2.302999999999999936e+00
2.315250000000000252e+00
2.327500000000000124e+00
2.339749999999999996e+00
2.352000000000000313e+00
2.364250000000000185e+00
2.376500000000000057e+00
2.388749999999999929e+00
2.401000000000000245e+00
2.413250000000000117e+00
2.425499999999999989e+00
2.437750000000000306e+00
2.450000000000000178e+00
