0.000000000000000000e+00
3.362712539524295025e-02
6.725425079048590049e-02
1.008813761857288716e-01
1.345085015809718010e-01
1.681356269762147582e-01
2.017627523714577431e-01
2.353898777667006725e-01
2.690170031619436020e-01
3.026441285571865869e-01
3.362712539524295163e-01
3.698983793476725013e-01
4.035255047429154862e-01
4.371526301381583601e-01
4.707797555334013451e-01
5.044068809286442745e-01
5.380340063238872039e-01
5.716611317191302444e-01
6.052882571143731738e-01
6.389153825096161032e-01
6.725425079048590327e-01
7.061696333001020731e-01
7.397967586953450025e-01
7.734238840905878209e-01
8.070510094858309724e-01
8.406781348810737908e-01
8.743052602763167203e-01
9.079323856715596497e-01
9.415595110668026901e-01
9.751866364620456196e-01
1.008813761857288549e+00
1.042440887252531478e+00
1.076068012647774408e+00
1.109695138043017337e+00
1.143322263438260489e+00
1.176949388833503418e+00
1.210576514228746348e+00
1.244203639623989277e+00
1.277830765019232206e+00
1.311457890414475136e+00
1.345085015809718065e+00
1.378712141204960995e+00
1.412339266600204146e+00
1.445966391995447076e+00
1.449999999999999956e+00
1.449999999999999956e+00
1.449999999999999956e+00
1.449999999999999956e+00
1.449999999999999956e+00
1.449999999999999956e+00
1.449999999999999956e+00
1.449999999999999956e+00
1.449999999999999956e+00
1.449999999999999956e+00
1.449999999999999956e+00
1.449999999999999956e+00
1.449999999999999956e+00
1.449999999999999956e+00
1.449999999999999956e+00
1.449999999999999956e+00
1.449999999999999956e+00
1.449999999999999956e+00
1.449999999999999956e+00
1.449999999999999956e+00
1.449999999999999956e+00
1.449999999999999956e+00
1.449999999999999956e+00
1.449999999999999956e+00
1.449999999999999956e+00
1.449999999999999956e+00
1.449999999999999956e+00
1.449999999999999956e+00
1.449999999999999956e+00
1.449999999999999956e+00
1.449999999999999956e+00
1.449999999999999956e+00
1.449999999999999956e+00
1.449999999999999956e+00
1.449999999999999956e+00
1.449999999999999956e+00
1.449999999999999956e+00
1.449999999999999956e+00
1.449999999999999956e+00
1.449999999999999956e+00
1.449999999999999956e+00
1.449999999999999956e+00
1.449999999999999956e+00
1.449999999999999956e+00
1.449999999999999956e+00
1.449999999999999956e+00
1.449999999999999956e+00
1.449999999999999956e+00
1.449999999999999956e+00
1.449999999999999956e+00
1.449999999999999956e+00
1.449999999999999956e+00
1.449999999999999956e+00
1.449999999999999956e+00
1.449999999999999956e+00
1.449999999999999956e+00
1.449999999999999956e+00
1.449999999999999956e+00
1.449999999999999956e+00
1.449999999999999956e+00
1.449999999999999956e+00
1.449999999999999956e+00
1.449999999999999956e+00
1.449999999999999956e+00
1.449999999999999956e+00
1.449999999999999956e+00
1.449999999999999956e+00
1.449999999999999956e+00
1.449999999999999956e+00
1.449999999999999956e+00
1.449999999999999956e+00
1.449999999999999956e+00
1.449999999999999956e+00
1.449999999999999956e+00
1.449999999999999956e+00
1.449999999999999956e+00
1.449999999999999956e+00
1.449999999999999956e+00
1.449999999999999956e+00
1.449999999999999956e+00
1.449999999999999956e+00
1.449999999999999956e+00
1.449999999999999956e+00
1.449999999999999956e+00
1.449999999999999956e+00
1.449999999999999956e+00
1.449999999999999956e+00
1.449999999999999956e+00
1.449999999999999956e+00
1.449999999999999956e+00
1.449999999999999956e+00
1.449999999999999956e+00
1.449999999999999956e+00
1.449999999999999956e+00
1.449999999999999956e+00
1.449999999999999956e+00
1.449999999999999956e+00
1.449999999999999956e+00
1.449999999999999956e+00
1.449999999999999956e+00
1.449999999999999956e+00
1.449999999999999956e+00
1.449999999999999956e+00
1.449999999999999956e+00
1.449999999999999956e+00
1.449999999999999956e+00
1.449999999999999956e+00
1.449999999999999956e+00
1.449999999999999956e+00
1.449999999999999956e+00
1.449999999999999956e+00
1.449999999999999956e+00
1.449999999999999956e+00
1.445966391995447076e+00
1.412339266600204368e+00
1.378712141204960773e+00
1.345085015809718065e+00
1.311457890414475358e+00
1.277830765019231762e+00
1.244203639623989055e+00
1.210576514228746348e+00
1.176949388833502752e+00
1.143322263438260045e+00
1.109695138043017337e+00
1.076068012647773742e+00
1.042440887252531034e+00
1.008813761857288327e+00
9.751866364620456196e-01
9.415595110668020240e-01
9.079323856715593166e-01
8.743052602763166092e-01
8.406781348810730137e-01
8.070510094858303063e-01
7.734238840905875989e-01
7.397967586953457797e-01
7.061696333001012960e-01
6.725425079048585886e-01
6.389153825096167694e-01
6.052882571143722856e-01
5.716611317191295782e-01
5.380340063238877590e-01
5.044068809286450517e-01
4.707797555334005679e-01
4.371526301381578605e-01
4.035255047429160413e-01
3.698983793476715576e-01
3.362712539524288502e-01
3.026441285571870310e-01
2.690170031619425473e-01
2.353898777666998399e-01
2.017627523714580207e-01
1.681356269762153133e-01
1.345085015809708295e-01
1.008813761857290103e-01
6.725425079048630295e-02
3.362712539524181921e-02
0.000000000000000000e+00
