0.000000000000000000e+00
7.180793494599235771e-01
1.436378668597900754e+00
2.155124323464824077e+00
2.874521613662575525e+00
3.594810449339808756e+00
4.316200425844272104e+00
5.038907648907293257e+00
5.763164246513925448e+00
6.489171634565332525e+00
7.217178077398527236e+00
7.947380560514199388e+00
8.680005794491506776e+00
9.415261245758193454e+00
1.015337180536338302e+01
1.089455322097443002e+01
1.163901421601266328e+01
1.238702177885864764e+01
1.313869939890733995e+01
1.389437535387970435e+01
1.465419447451147583e+01
1.541834455141574800e+01
1.618707811505522187e+01
1.696062138728791879e+01
1.773914454471782420e+01
1.852289344994588660e+01
1.931212318934601058e+01
2.010695003875076736e+01
2.090759552621907247e+01
2.171429138696402816e+01
2.252723890725377132e+01
2.334667951616088999e+01
2.417274816584268393e+01
2.500570503013046419e+01
2.584573686000897297e+01
2.669302745922510667e+01
2.754771387628076695e+01
2.841018113939966128e+01
2.928041511351822024e+01
3.015874061433952491e+01
3.104529729479196121e+01
3.194025841182308767e+01
3.284387184001788285e+01
3.375633578950519365e+01
3.467775577535430642e+01
3.560837338526307150e+01
3.654827954163183534e+01
3.749782057451852779e+01
3.845706612574583971e+01
3.942618404015747302e+01
4.040538361919220733e+01
4.139477469418543620e+01
4.239459893403496693e+01
4.340501871907705578e+01
4.442617424333460008e+01
4.545819745210636142e+01
4.650125725139246669e+01
4.755560728113175628e+01
4.862123152309442986e+01
4.969849647070657284e+01
5.078736664128068412e+01
5.188802794901162230e+01
5.300065192290480809e+01
5.412526307301480699e+01
5.526223996173546738e+01
5.641149507340085734e+01
5.757323499207566186e+01
5.845512948509275475e+01
5.875560382379430280e+01
5.905521781802606540e+01
5.935389008105821063e+01
5.965166301691286321e+01
5.994860427658651503e+01
6.024462435082999434e+01
6.053986077642348818e+01
6.083407860339228534e+01
6.112749803784461022e+01
6.141982319752129627e+01
6.171141775990479772e+01
6.200198990678321564e+01
6.229172954410594087e+01
6.258046603746945635e+01
6.286831515165626882e+01
6.315531289413123517e+01
6.344126302470310463e+01
6.372631164886958999e+01
6.401029420867328668e+01
6.429349092081598371e+01
6.457558458450110095e+01
6.485676463744385956e+01
6.513699410373584442e+01
6.541620768475299030e+01
6.569440898345952462e+01
6.597184488189820684e+01
6.624816180517161968e+01
6.652332949095560366e+01
6.679773613227207818e+01
6.707108031672989057e+01
6.734330929052337922e+01
6.761458742860857285e+01
6.788497874559725176e+01
6.815420090695690192e+01
6.842245412199167731e+01
6.868960961939316689e+01
6.895574557039468289e+01
6.922099017793746611e+01
6.948499583657579137e+01
6.974820830681936457e+01
7.001013513990734793e+01
7.027107651114377518e+01
7.053105354418384820e+01
7.078996570324022741e+01
7.104768279029789824e+01
7.130442480063425137e+01
7.155999490743514002e+01
7.181464102272154548e+01
7.206813732278681073e+01
7.232055789512835986e+01
7.257188068210521692e+01
7.282204811779172360e+01
7.307125035241497812e+01
7.331919554492765201e+01
7.356613406308304093e+01
7.381199271405643003e+01
7.405676143933882827e+01
7.430036723015935252e+01
7.454278450863121463e+01
7.478410741157574648e+01
7.502439035094323572e+01
7.526348680420271364e+01
7.550146710680925821e+01
7.573825318575447341e+01
7.597388187155205230e+01
7.620849587283304061e+01
7.567664425281523677e+01
7.475249062550794577e+01
7.381712217339192250e+01
7.287073477598291049e+01
7.191358071751790249e+01
7.094598347151735140e+01
6.996817545712954711e+01
6.898032374590302140e+01
6.798273629601301593e+01
6.697541433643876019e+01
6.595893070127608837e+01
6.493332010464270354e+01
6.389882938919863875e+01
6.285562352851770385e+01
6.180403815001258039e+01
6.074425126481374093e+01
5.967640442022200631e+01
5.860070351691061319e+01
5.751744046329620375e+01
5.642670311975372499e+01
5.532887056627017586e+01
5.422393845983057759e+01
5.311224830592943391e+01
5.199391787616985994e+01
5.086908831019118082e+01
4.973811923706801963e+01
4.860102889482824651e+01
4.745802610004452049e+01
4.630934857285604522e+01
4.515511873590549641e+01
4.399557204016592493e+01
4.283079704275267829e+01
4.166103197973515648e+01
4.048640313597216789e+01
3.930710996842493898e+01
3.812329560176732457e+01
3.693509636609456237e+01
3.574270194113942267e+01
3.454623694416358859e+01
3.334593673046813933e+01
3.214191647732474166e+01
3.093431055145014241e+01
2.972323238527472355e+01
2.850894884877851965e+01
2.729146478361612793e+01
2.607103349559461591e+01
2.484776116059610018e+01
2.362178213074372479e+01
2.239323355996916476e+01
2.116233158521042412e+01
1.992911430000354045e+01
1.869378041227768250e+01
1.745643359934371119e+01
1.621725618468276409e+01
1.497634067012751125e+01
1.373385933943635528e+01
1.248992046786988652e+01
1.124465672369331593e+01
9.998218091188594059e+00
8.750725446510749350e+00
7.502326768351543329e+00
6.253140316179711888e+00
5.003292599544945318e+00
3.752928168993394653e+00
2.502168579599747478e+00
1.251150666953134927e+00
0.000000000000000000e+00
