0.000000000000000000e+00
3.009729480759305886e+01
2.325719366148734224e+01
2.684744287470549651e+01
3.051819133964920283e+01
3.427033148883067071e+01
3.810475720818197232e+01
4.202235547174586117e+01
4.602808519309736113e+01
4.999440072290632031e+01
5.414323682950694661e+01
5.837809017854034010e+01
6.269959474826315216e+01
6.710832176112390357e+01
7.016717686185313596e+01
7.442092518302224846e+01
7.876169815986314404e+01
8.318990636329152721e+01
8.770593846599983578e+01
9.231016115673499201e+01
9.700291905767879541e+01
1.017845346449519184e+02
1.066553081722402823e+02
3.373466272146479383e+01
3.386804846782333556e+01
3.400037628773996090e+01
3.413164268467852480e+01
3.426184421242059841e+01
3.439097747520613524e+01
3.451903912787107487e+01
3.464602587598211159e+01
3.477193447596842191e+01
3.489676173525076308e+01
3.502050451236744522e+01
3.514315971709734043e+01
3.526472431058022039e+01
3.538519530543390346e+01
3.550456976586845315e+01
3.562284480779774754e+01
3.574001759894772334e+01
3.585608535896189863e+01
3.597104535950369808e+01
3.608489492435612078e+01
3.619763142951832435e+01
3.630925230329892628e+01
3.641975502640672602e+01
3.652913713203834334e+01
3.663739620596279423e+01
3.674452988660281960e+01
3.685053586511410373e+01
3.695541188545989542e+01
3.705915574448459182e+01
3.716176529198263268e+01
3.726323843076528419e+01
3.736357311672426817e+01
3.746276735889198051e+01
3.756081921949937907e+01
3.765772681403004185e+01
3.775348831127184468e+01
3.784810193336538475e+01
3.794156595584925640e+01
3.803387870770227863e+01
3.812503857138306529e+01
3.821504398286602822e+01
3.830389343167482963e+01
3.839158546091243807e+01
3.847811866728812902e+01
3.856349170114204128e+01
3.864770326646561216e+01
3.938638844035398279e+01
3.919677881412633269e+01
3.900409925847264958e+01
3.880840714460126151e+01
3.860975908908253729e+01
3.840857118562983175e+01
3.820417297645073518e+01
3.796835183662712154e+01
3.775824135841297391e+01
3.754543916675430637e+01
3.732999749850234394e+01
3.698613458975516011e+01
3.673696466306537900e+01
3.648545053312631126e+01
3.623164922234372654e+01
3.597561685579095325e+01
3.571740866425028571e+01
3.545707898751395959e+01
3.519468127793734880e+01
3.493026810423624084e+01
3.466389115551953637e+01
4.010048872550980548e+01
3.992230118427821139e+01
3.973823283704799536e+01
3.954836031911744954e+01
3.935276051967674960e+01
3.915151053520275326e+01
3.894468762423233699e+01
3.873236916349948444e+01
3.851463260542607969e+01
3.829155543695067365e+01
3.806321513968452308e+01
3.782968915137733035e+01
3.759105482868061188e+01
3.734738941119380229e+01
3.709876998677516013e+01
3.684527345810589338e+01
3.658697651048740340e+01
3.632395558085949006e+01
3.605628682801922480e+01
3.578404610402628094e+01
3.550730892677812278e+01
3.522615045373513709e+01
3.494064545678239853e+01
3.465086829820626946e+01
3.435689290777301608e+01
3.405879276088779761e+01
3.375664085781796331e+01
3.345050970396408019e+01
3.314047129115829904e+01
3.282659707997327558e+01
3.250895798302549622e+01
3.218762434925173466e+01
3.186266594914356176e+01
3.153415196091966877e+01
3.120215095762151947e+01
3.086673089511006651e+01
3.052795910094957677e+01
3.018590226415873445e+01
2.984062642581259439e+01
2.949219697047672994e+01
2.914067861845770935e+01
2.878613541885026805e+01
2.842863074336722917e+01
2.806822728093194286e+01
2.770498703301823440e+01
2.733897130972057710e+01
2.697024072653804083e+01
2.659885520185518359e+01
2.622487395510362873e+01
2.584835550558874573e+01
2.546935767196511691e+01
2.508793757234506216e+01
2.470415162502395390e+01
2.431805554980856598e+01
2.392970436993169159e+01
2.353915241453868035e+01
2.314652586864177053e+01
2.275195629003900777e+01
2.235533224595660684e+01
2.195670555845896033e+01
2.155612737570744386e+01
2.115364817762930372e+01
2.074931778205576549e+01
2.034318535131610517e+01
1.993529939927497097e+01
1.952570779879896889e+01
1.911445778964138142e+01
1.870159598673131285e+01
1.828716838885535267e+01
1.787122038771975951e+01
1.745379677738114310e+01
1.703494176403425797e+01
1.661469897614476210e+01
1.619311147491648839e+01
1.577022176508169515e+01
1.534607180600315424e+01
1.492070302307798180e+01
1.449415631943205796e+01
1.406647208789550341e+01
1.363769022324759028e+01
1.320785013472322156e+01
1.277699075876923196e+01
1.234515057204167121e+01
1.191236760463484501e+01
1.147867945353235086e+01
1.104412329627102451e+01
1.060873590480897555e+01
1.017255365958864566e+01
9.735612563786315121e+00
9.297948257739374611e+00
8.859596033543095217e+00
8.420590849808117895e+00
7.980967346571334886e+00
7.540759860350988220e+00
7.100002439339060167e+00
6.658728858722343880e+00
6.216972636124950213e+00
5.774767047164247380e+00
5.332145141112915709e+00
4.889139756659599101e+00
4.445783537760711113e+00
4.002108949576051344e+00
3.558148294481132012e+00
3.113933728148972957e+00
2.669497275694191263e+00
2.224870847872392421e+00
1.780086257327863963e+00
1.335175234882516326e+00
8.901694458591836723e-01
4.451005064324671801e-01
4.866408703859153661e-15
