0.000000000000000000e+00
1.657671939656227096e+02
3.316952008843332464e+02
1.462766474412177775e+00
1.959160060442691087e+00
2.455828166313099636e+00
2.952880554670010316e+00
3.450426442799150006e+00
3.948574395576498919e+00
4.447432218370549251e+00
4.947106849867529910e+00
5.447704254792560263e+00
5.949329316500976184e+00
6.452085729415529158e+00
6.956075891286850776e+00
7.461400795256037277e+00
7.968159921700459059e+00
8.476451129845795407e+00
8.986370549129494734e+00
9.498012470303324406e+00
1.001146923626521890e+01
1.052683113261329062e+01
1.104418627791779528e+01
1.156362051370967947e+01
1.208521729418792212e+01
1.260905757565075191e+01
1.313521970565946084e+01
1.366377931194767292e+01
1.419480919109193806e+01
1.472837919696387132e+01
1.526455612898863201e+01
1.580340362023808609e+01
1.634498202539161582e+01
1.688934830860281622e+01
1.743655593131393289e+01
1.798665474006591225e+01
1.816323803982921703e+01
1.861213664586421501e+01
1.906429569489905163e+01
1.951978299354082580e+01
1.997866466049446643e+01
2.044100506278301310e+01
2.090686675128942795e+01
2.137631039562645441e+01
2.184939471834156421e+01
2.232617642846552641e+01
2.274214078657949756e+01
2.322573162158777649e+01
2.371317794032217918e+01
2.420452755912540610e+01
2.469982595018859683e+01
2.519911617144995120e+01
2.570243879591725644e+01
2.620983184043564762e+01
2.672133069392374694e+01
2.723696804510278824e+01
2.775677380974642716e+01
2.828077505747944187e+01
2.880899593815668780e+01
2.934145760785532886e+01
2.987817815451542458e+01
3.041917252326651067e+01
3.096445244147929543e+01
3.151402634358490573e+01
3.206789929570608422e+01
3.262681397569533459e+01
3.318927584979734036e+01
3.527933975541083811e+01
3.539633030675030056e+01
3.551222927580437272e+01
3.233896984887174142e+01
3.245956612955156828e+01
3.257852591096776251e+01
3.269582954677776598e+01
3.281145774305791463e+01
3.292539155987686428e+01
3.303761241282189332e+01
3.314810207447672497e+01
3.325684267585010900e+01
3.336381670775800501e+01
3.346900702215439338e+01
3.357239683341594372e+01
3.367396971957646201e+01
3.377370962351261596e+01
3.387160085408125809e+01
3.396762808720725957e+01
3.406177636692208921e+01
3.415403110635400452e+01
3.424437808866761657e+01
3.433280346795550741e+01
3.441929377007999591e+01
3.450383589346488833e+01
3.458641710983870610e+01
3.466702506492794811e+01
3.474564777910091351e+01
3.482227364796145963e+01
3.489689144289457090e+01
3.496949031156052712e+01
3.504005977834110297e+01
3.510858974473502059e+01
3.517507048970426098e+01
3.523949266997109930e+01
3.530184732026490479e+01
3.512562478310536562e+01
3.514331926458258692e+01
3.515903779080743874e+01
3.517279468520404606e+01
3.518460380904556928e+01
3.519447856207207082e+01
3.520243188362813669e+01
3.520847625430664607e+01
3.521262369808239612e+01
3.523922559340883254e+01
3.523940533177235324e+01
3.523771539537579400e+01
3.523416629533901556e+01
3.522876809499479833e+01
3.522153041385482908e+01
3.521246243200891968e+01
3.520157289494530062e+01
3.518887011877733784e+01
3.517436199586441603e+01
3.515805600081231574e+01
3.513995919684163027e+01
3.512007824251083576e+01
3.509841939878238293e+01
3.507498853641919823e+01
3.504979114370126325e+01
3.502283233444893540e+01
3.499411685634510150e+01
3.496364909954191091e+01
3.493107871440009404e+01
3.489711052113614898e+01
3.486140069455969837e+01
3.596651216176233135e+01
3.555220018715179719e+01
3.513135366953125072e+01
3.470410804847474395e+01
3.427059797532701424e+01
3.383095725766286677e+01
3.338531880715273559e+01
3.293381459077500040e+01
3.247657558531979305e+01
3.201373173511988313e+01
3.154541191295302482e+01
3.107174388404898835e+01
3.059285427314257078e+01
3.010886853450807976e+01
2.961991092491131283e+01
2.912610447941589698e+01
2.862757098997918703e+01
2.812443098677303155e+01
2.761680372216597590e+01
2.710480715729956813e+01
2.658855795119742993e+01
2.606817145233940280e+01
2.554376169263886709e+01
2.501544138375680859e+01
2.448332191569072336e+01
2.394751335757340271e+01
2.340819974892908562e+01
2.286542322118261339e+01
2.231927297418037881e+01
2.176985406545637858e+01
2.121727026304855812e+01
2.066162405837030036e+01
2.010301668085882554e+01
1.954154811434225536e+01
1.897731711506547470e+01
1.841042123131835240e+01
1.784095682460792531e+01
1.726901909231882826e+01
1.669470209180594367e+01
1.611809876586450585e+01
1.553930096952300666e+01
1.495839949810566338e+01
1.437548411651161295e+01
1.379064358965836945e+01
1.320396571403859731e+01
1.261553735033903223e+01
1.202544445707207998e+01
1.143377212517008701e+01
1.084060461349427662e+01
1.024602538520967343e+01
9.650117144978977990e+00
9.052961876928625529e+00
8.454640883340251989e+00
7.855234824022667262e+00
7.254823756318380390e+00
6.653487175700422362e+00
6.051304056915380869e+00
5.448352895628512549e+00
4.844711750527801897e+00
4.240458285844029618e+00
3.635669814244301357e+00
3.030423340056365600e+00
2.424795602782258364e+00
1.818863120859109950e+00
1.212702235625664038e+00
6.063891554532845340e-01
1.849670520179527282e-19
