0.000000000000000000e+00
5.830903790087463463e-03
1.166180758017492693e-02
1.749271137026239126e-02
2.332361516034985385e-02
2.915451895043731645e-02
3.498542274052478251e-02
4.081632653061224164e-02
4.664723032069970771e-02
5.247813411078717377e-02
5.830903790087463290e-02
6.413994169096209896e-02
6.997084548104956503e-02
7.580174927113703109e-02
8.163265306122448328e-02
8.746355685131194935e-02
9.329446064139941541e-02
9.912536443148688148e-02
1.049562682215743475e-01
1.107871720116617997e-01
1.166180758017492658e-01
1.224489795918367319e-01
1.282798833819241979e-01
1.341107871720116640e-01
1.399416909620991301e-01
1.457725947521865961e-01
1.516034985422740622e-01
1.574344023323615005e-01
1.632653061224489666e-01
1.690962099125364326e-01
1.749271137026238987e-01
1.807580174927113648e-01
1.865889212827988308e-01
1.924198250728862969e-01
1.982507288629737630e-01
2.040816326530612290e-01
2.099125364431486951e-01
2.157434402332361612e-01
2.215743440233235995e-01
2.274052478134110655e-01
2.332361516034985316e-01
2.390670553935859977e-01
2.448979591836734637e-01
2.507288629737609020e-01
2.565597667638483959e-01
2.623906705539358342e-01
2.682215743440233280e-01
2.740524781341107663e-01
2.798833819241982601e-01
2.857142857142856984e-01
2.857142857142856984e-01
2.915451895043731367e-01
2.973760932944606306e-01
3.032069970845480689e-01
3.090379008746355627e-01
3.148688046647230010e-01
3.206997084548104948e-01
3.265306122448979331e-01
3.323615160349854269e-01
3.381924198250728653e-01
3.440233236151603036e-01
3.498542274052477974e-01
3.556851311953352912e-01
3.615160349854227295e-01
3.673469387755101678e-01
3.731778425655976617e-01
3.790087463556851000e-01
3.848396501457725938e-01
3.906705539358600321e-01
3.965014577259474704e-01
4.023323615160349642e-01
4.081632653061224580e-01
4.139941690962098964e-01
4.198250728862973347e-01
4.256559766763848285e-01
4.314868804664723223e-01
4.373177842565597606e-01
4.431486880466471989e-01
4.489795918367346372e-01
4.548104956268221311e-01
4.606413994169096249e-01
4.664723032069970632e-01
4.723032069970845015e-01
4.781341107871719953e-01
4.839650145772594891e-01
4.897959183673469274e-01
4.956268221574343658e-01
5.014577259475219151e-01
5.072886297376093534e-01
5.131195335276967917e-01
5.189504373177842300e-01
5.247813411078716683e-01
5.306122448979591066e-01
5.364431486880465449e-01
5.422740524781340943e-01
5.481049562682215326e-01
5.539358600583090819e-01
5.597667638483965202e-01
5.655976676384839585e-01
5.714285714285713969e-01
5.714285714285713969e-01
5.772594752186588352e-01
5.830903790087462735e-01
5.889212827988338228e-01
5.947521865889212611e-01
6.005830903790086994e-01
6.064139941690961377e-01
6.122448979591836871e-01
6.180758017492711254e-01
6.239067055393585637e-01
6.297376093294460020e-01
6.355685131195334403e-01
6.413994169096209896e-01
6.472303206997084279e-01
6.530612244897958663e-01
6.588921282798833046e-01
6.647230320699708539e-01
6.705539358600582922e-01
6.763848396501457305e-01
6.822157434402331688e-01
6.880466472303206071e-01
6.938775510204081565e-01
6.997084548104955948e-01
7.055393586005830331e-01
7.113702623906705824e-01
7.172011661807580207e-01
7.230320699708454590e-01
7.288629737609328973e-01
7.346938775510203357e-01
7.405247813411077740e-01
7.463556851311953233e-01
7.521865889212827616e-01
7.580174927113701999e-01
7.638483965014577493e-01
7.696793002915451876e-01
7.755102040816326259e-01
7.813411078717200642e-01
7.871720116618075025e-01
7.930029154518949408e-01
7.988338192419824901e-01
8.046647230320699284e-01
8.104956268221573668e-01
8.163265306122449161e-01
8.221574344023323544e-01
8.279883381924197927e-01
8.338192419825072310e-01
8.396501457725946693e-01
8.454810495626821076e-01
8.513119533527696570e-01
8.571428571428570953e-01
8.571428571428570953e-01
8.629737609329445336e-01
8.688046647230319719e-01
8.746355685131195212e-01
8.804664723032069595e-01
8.862973760932943978e-01
8.921282798833818362e-01
8.979591836734693855e-01
9.037900874635568238e-01
9.096209912536442621e-01
9.154518950437317004e-01
9.212827988338192498e-01
9.271137026239066881e-01
9.329446064139941264e-01
9.387755102040815647e-01
9.446064139941690030e-01
9.504373177842565523e-01
9.562682215743439906e-01
9.620991253644314289e-01
9.679300291545188673e-01
9.737609329446064166e-01
9.795918367346938549e-01
9.854227405247812932e-01
9.912536443148687315e-01
9.970845481049561698e-01
1.002915451895043608e+00
1.008746355685131046e+00
1.014577259475218707e+00
1.020408163265306145e+00
1.026239067055393583e+00
1.032069970845481022e+00
1.037900874635568460e+00
1.043731778425655898e+00
1.049562682215743337e+00
1.055393586005830775e+00
1.061224489795918213e+00
1.067055393586005874e+00
1.072886297376093312e+00
1.078717201166180750e+00
1.084548104956268189e+00
1.090379008746355627e+00
1.096209912536443065e+00
1.102040816326530503e+00
1.107871720116617942e+00
1.113702623906705380e+00
1.119533527696793040e+00
1.125364431486880479e+00
1.131195335276967917e+00
1.137026239067055355e+00
1.142857142857142794e+00
1.142857142857142794e+00
1.148688046647230232e+00
1.154518950437317670e+00
1.160349854227405109e+00
1.166180758017492547e+00
1.172011661807580207e+00
1.177842565597667646e+00
1.183673469387755084e+00
1.189504373177842522e+00
1.195335276967929961e+00
1.201166180758017399e+00
1.206997084548104837e+00
1.212827988338192275e+00
1.218658892128279714e+00
1.224489795918367152e+00
1.230320699708454590e+00
1.236151603498542251e+00
1.241982507288629689e+00
1.247813411078717127e+00
1.253644314868804566e+00
1.259475218658892004e+00
1.265306122448979442e+00
1.271137026239066881e+00
1.276967930029154319e+00
1.282798833819241757e+00
1.288629737609329418e+00
1.294460641399416856e+00
1.300291545189504294e+00
1.306122448979591733e+00
1.311953352769679171e+00
1.317784256559766609e+00
1.323615160349854047e+00
1.329446064139941486e+00
1.335276967930028924e+00
1.341107871720116584e+00
1.346938775510203801e+00
1.352769679300291461e+00
1.358600583090378899e+00
1.364431486880466338e+00
1.370262390670553776e+00
1.376093294460641214e+00
1.381924198250728653e+00
1.387755102040816091e+00
1.393586005830903529e+00
1.399416909620990968e+00
1.405247813411078628e+00
1.411078717201166066e+00
1.416909620991253504e+00
1.422740524781340943e+00
1.428571428571428381e+00
1.428571428571428381e+00
1.434402332361515819e+00
1.440233236151603258e+00
1.446064139941690696e+00
1.451895043731778134e+00
1.457725947521865795e+00
1.463556851311953233e+00
1.469387755102040671e+00
1.475218658892128110e+00
1.481049562682215548e+00
1.486880466472302986e+00
1.492711370262390425e+00
1.498542274052477863e+00
1.504373177842565523e+00
1.510204081632652962e+00
1.516034985422740400e+00
1.521865889212827838e+00
1.527696793002915276e+00
1.533527696793002715e+00
1.539358600583090153e+00
1.545189504373177591e+00
1.551020408163265252e+00
1.556851311953352690e+00
1.562682215743440128e+00
1.568513119533527567e+00
1.574344023323615005e+00
1.580174927113702443e+00
1.586005830903789882e+00
1.591836734693877320e+00
1.597667638483964758e+00
1.603498542274052419e+00
1.609329446064139857e+00
1.615160349854227295e+00
1.620991253644314734e+00
1.626822157434402172e+00
1.632653061224489610e+00
1.638483965014577048e+00
1.644314868804664709e+00
1.650145772594752147e+00
1.655976676384839585e+00
1.661807580174927024e+00
1.667638483965014462e+00
1.673469387755101900e+00
1.679300291545189339e+00
1.685131195335276777e+00
1.690962099125364215e+00
1.696793002915451876e+00
1.702623906705539314e+00
1.708454810495626752e+00
1.714285714285714191e+00
1.714285714285714191e+00
1.720116618075801629e+00
1.725947521865889067e+00
1.731778425655976505e+00
1.737609329446063944e+00
1.743440233236151604e+00
1.749271137026239042e+00
1.755102040816326481e+00
1.760932944606413919e+00
1.766763848396501357e+00
1.772594752186588796e+00
1.778425655976676234e+00
1.784256559766763672e+00
1.790087463556851333e+00
1.795918367346938771e+00
1.801749271137026209e+00
1.807580174927113648e+00
1.813411078717201086e+00
1.819241982507288524e+00
1.825072886297375963e+00
1.830903790087463401e+00
1.836734693877551061e+00
1.842565597667638500e+00
1.848396501457725938e+00
1.854227405247813376e+00
1.860058309037900814e+00
1.865889212827988253e+00
1.871720116618075691e+00
1.877551020408163129e+00
1.883381924198250790e+00
1.889212827988338228e+00
1.895043731778425666e+00
1.900874635568513105e+00
1.906705539358600543e+00
1.912536443148687981e+00
1.918367346938775420e+00
1.924198250728862858e+00
1.930029154518950296e+00
1.935860058309037957e+00
1.941690962099125395e+00
1.947521865889212833e+00
1.953352769679300271e+00
1.959183673469387710e+00
1.965014577259475148e+00
1.970845481049562586e+00
1.976676384839650247e+00
1.982507288629737463e+00
1.988338192419825123e+00
1.994169096209912562e+00
2.000000000000000000e+00
