0.000000000000000000e+00
6.938775510204082432e-03
1.387755102040816486e-02
2.081632653061224816e-02
2.775510204081632973e-02
3.469387755102041476e-02
4.163265306122449633e-02
4.857142857142857789e-02
5.551020408163265946e-02
6.244897959183674102e-02
6.938775510204082952e-02
7.632653061224491109e-02
8.326530612244899265e-02
9.020408163265307422e-02
9.714285714285715578e-02
1.040816326530612373e-01
1.110204081632653189e-01
1.179591836734694005e-01
1.248979591836734820e-01
1.318367346938775775e-01
1.387755102040816590e-01
1.457142857142857406e-01
1.526530612244898222e-01
1.595918367346939037e-01
1.665306122448979853e-01
1.734693877551020669e-01
1.804081632653061484e-01
1.873469387755102300e-01
1.942857142857143116e-01
2.012244897959183931e-01
2.081632653061224747e-01
2.151020408163265563e-01
2.220408163265306378e-01
2.289795918367347194e-01
2.359183673469388010e-01
2.428571428571428825e-01
2.497959183673469641e-01
2.567346938775510456e-01
2.636734693877551550e-01
2.706122448979592088e-01
2.775510204081633181e-01
2.844897959183673719e-01
2.914285714285714812e-01
2.983673469387755350e-01
3.053061224489796444e-01
3.122448979591836982e-01
3.191836734693878075e-01
3.261224489795918613e-01
3.330612244897959706e-01
3.400000000000000244e-01
3.400000000000000244e-01
3.465306122448980064e-01
3.530612244897959329e-01
3.595918367346939148e-01
3.661224489795918413e-01
3.726530612244898233e-01
3.791836734693877498e-01
3.857142857142857317e-01
3.922448979591837137e-01
3.987755102040816402e-01
4.053061224489796222e-01
4.118367346938776041e-01
4.183673469387755306e-01
4.248979591836735126e-01
4.314285714285714390e-01
4.379591836734694210e-01
4.444897959183673475e-01
4.510204081632653295e-01
4.575510204081633114e-01
4.640816326530612379e-01
4.706122448979592199e-01
4.771428571428572019e-01
4.836734693877551283e-01
4.902040816326530548e-01
4.967346938775510368e-01
5.032653061224490187e-01
5.097959183673469452e-01
5.163265306122448717e-01
5.228571428571429092e-01
5.293877551020408356e-01
5.359183673469387621e-01
5.424489795918367996e-01
5.489795918367347261e-01
5.555102040816326525e-01
5.620408163265306900e-01
5.685714285714286165e-01
5.751020408163265429e-01
5.816326530612245804e-01
5.881632653061225069e-01
5.946938775510204334e-01
6.012244897959184708e-01
6.077551020408162863e-01
6.142857142857143238e-01
6.208163265306123613e-01
6.273469387755101767e-01
6.338775510204082142e-01
6.404081632653061407e-01
6.469387755102040671e-01
6.534693877551021046e-01
6.600000000000000311e-01
6.600000000000000311e-01
6.646938775510203845e-01
6.693877551020408490e-01
6.740816326530612024e-01
6.787755102040816668e-01
6.834693877551020202e-01
6.881632653061224847e-01
6.928571428571428381e-01
6.975510204081633026e-01
7.022448979591836560e-01
7.069387755102041204e-01
7.116326530612244738e-01
7.163265306122449383e-01
7.210204081632652917e-01
7.257142857142857562e-01
7.304081632653061096e-01
7.351020408163265740e-01
7.397959183673469274e-01
7.444897959183673919e-01
7.491836734693877453e-01
7.538775510204082098e-01
7.585714285714285632e-01
7.632653061224490276e-01
7.679591836734693810e-01
7.726530612244898455e-01
7.773469387755101989e-01
7.820408163265306634e-01
7.867346938775510168e-01
7.914285714285714812e-01
7.961224489795918347e-01
8.008163265306122991e-01
8.055102040816326525e-01
8.102040816326531170e-01
8.148979591836734704e-01
8.195918367346939348e-01
8.242857142857142883e-01
8.289795918367347527e-01
8.336734693877551061e-01
8.383673469387755706e-01
8.430612244897959240e-01
8.477551020408163884e-01
8.524489795918367419e-01
8.571428571428572063e-01
8.618367346938775597e-01
8.665306122448980242e-01
8.712244897959183776e-01
8.759183673469388420e-01
8.806122448979591955e-01
8.853061224489795489e-01
8.900000000000000133e-01
8.900000000000000133e-01
8.944897959183674141e-01
8.989795918367347038e-01
9.034693877551021046e-01
9.079591836734693944e-01
9.124489795918367951e-01
9.169387755102040849e-01
9.214285714285714857e-01
9.259183673469387754e-01
9.304081632653061762e-01
9.348979591836734659e-01
9.393877551020408667e-01
9.438775510204081565e-01
9.483673469387755572e-01
9.528571428571428470e-01
9.573469387755102478e-01
9.618367346938776485e-01
9.663265306122449383e-01
9.708163265306122280e-01
9.753061224489796288e-01
9.797959183673470296e-01
9.842857142857143193e-01
9.887755102040817201e-01
9.932653061224490099e-01
9.977551020408164106e-01
1.002244897959183811e+00
1.006734693877550990e+00
1.011224489795918391e+00
1.015714285714285792e+00
1.020204081632653192e+00
1.024693877551020371e+00
1.029183673469387772e+00
1.033673469387755173e+00
1.038163265306122574e+00
1.042653061224489974e+00
1.047142857142857153e+00
1.051632653061224554e+00
1.056122448979591955e+00
1.060612244897959355e+00
1.065102040816326534e+00
1.069591836734693935e+00
1.074081632653061336e+00
1.078571428571428736e+00
1.083061224489795915e+00
1.087551020408163316e+00
1.092040816326530717e+00
1.096530612244898117e+00
1.101020408163265518e+00
1.105510204081632697e+00
1.110000000000000098e+00
1.110000000000000098e+00
1.114693877551020451e+00
1.119387755102040805e+00
1.124081632653061380e+00
1.128775510204081733e+00
1.133469387755102087e+00
1.138163265306122440e+00
1.142857142857143016e+00
1.147551020408163369e+00
1.152244897959183723e+00
1.156938775510204076e+00
1.161632653061224651e+00
1.166326530612245005e+00
1.171020408163265358e+00
1.175714285714285712e+00
1.180408163265306287e+00
1.185102040816326641e+00
1.189795918367346994e+00
1.194489795918367347e+00
1.199183673469387923e+00
1.203877551020408276e+00
1.208571428571428630e+00
1.213265306122448983e+00
1.217959183673469559e+00
1.222653061224489912e+00
1.227346938775510266e+00
1.232040816326530619e+00
1.236734693877551194e+00
1.241428571428571548e+00
1.246122448979591901e+00
1.250816326530612255e+00
1.255510204081632830e+00
1.260204081632653184e+00
1.264897959183673537e+00
1.269591836734693890e+00
1.274285714285714466e+00
1.278979591836734819e+00
1.283673469387755173e+00
1.288367346938775526e+00
1.293061224489796102e+00
1.297755102040816455e+00
1.302448979591836808e+00
1.307142857142857162e+00
1.311836734693877737e+00
1.316530612244898091e+00
1.321224489795918444e+00
1.325918367346938798e+00
1.330612244897959373e+00
1.335306122448979727e+00
1.340000000000000080e+00
1.340000000000000080e+00
1.346530612244898117e+00
1.353061224489795933e+00
1.359591836734693970e+00
1.366122448979592008e+00
1.372653061224489823e+00
1.379183673469387861e+00
1.385714285714285676e+00
1.392244897959183714e+00
1.398775510204081751e+00
1.405306122448979567e+00
1.411836734693877604e+00
1.418367346938775642e+00
1.424897959183673457e+00
1.431428571428571495e+00
1.437959183673469532e+00
1.444489795918367347e+00
1.451020408163265385e+00
1.457551020408163200e+00
1.464081632653061238e+00
1.470612244897959275e+00
1.477142857142857091e+00
1.483673469387755128e+00
1.490204081632652944e+00
1.496734693877550981e+00
1.503265306122449019e+00
1.509795918367347056e+00
1.516326530612244872e+00
1.522857142857142909e+00
1.529387755102040725e+00
1.535918367346938762e+00
1.542448979591836800e+00
1.548979591836734615e+00
1.555510204081632653e+00
1.562040816326530468e+00
1.568571428571428505e+00
1.575102040816326543e+00
1.581632653061224358e+00
1.588163265306122396e+00
1.594693877551020433e+00
1.601224489795918249e+00
1.607755102040816286e+00
1.614285714285714324e+00
1.620816326530612139e+00
1.627346938775510177e+00
1.633877551020407992e+00
1.640408163265306030e+00
1.646938775510204067e+00
1.653469387755102105e+00
1.659999999999999920e+00
1.659999999999999920e+00
1.666938775510204085e+00
1.673877551020408028e+00
1.680816326530612193e+00
1.687755102040816357e+00
1.694693877551020300e+00
1.701632653061224465e+00
1.708571428571428408e+00
1.715510204081632573e+00
1.722448979591836737e+00
1.729387755102040680e+00
1.736326530612244845e+00
1.743265306122449010e+00
1.750204081632652953e+00
1.757142857142857117e+00
1.764081632653061060e+00
1.771020408163265225e+00
1.777959183673469390e+00
1.784897959183673333e+00
1.791836734693877498e+00
1.798775510204081662e+00
1.805714285714285605e+00
1.812653061224489770e+00
1.819591836734693935e+00
1.826530612244897878e+00
1.833469387755102042e+00
1.840408163265306207e+00
1.847346938775510150e+00
1.854285714285714315e+00
1.861224489795918258e+00
1.868163265306122423e+00
1.875102040816326587e+00
1.882040816326530530e+00
1.888979591836734695e+00
1.895918367346938638e+00
1.902857142857142803e+00
1.909795918367346967e+00
1.916734693877550910e+00
1.923673469387755075e+00
1.930612244897959240e+00
1.937551020408163183e+00
1.944489795918367347e+00
1.951428571428571512e+00
1.958367346938775455e+00
1.965306122448979620e+00
1.972244897959183785e+00
1.979183673469387728e+00
1.986122448979591892e+00
1.993061224489796057e+00
2.000000000000000000e+00
