-4.624133695734815308e-02
-4.652652953912322920e-02
-4.738121257940729192e-02
-4.880264192917452282e-02
-5.078604430230114486e-02
-5.332431920205541603e-02
-5.640762477482138409e-02
-6.002285118992994190e-02
-6.415298679876195453e-02
-6.877638443903841270e-02
-7.386593790884157795e-02
-7.938818191524150969e-02
-8.530233276392154562e-02
-9.151449657412027983e-02
-9.761818271347949549e-02
-1.035177940879251496e-01
-1.092010700059812406e-01
-1.146561704555206784e-01
-1.198716976190343925e-01
-1.248367166320292487e-01
-1.295407755557920482e-01
-1.339739245367314036e-01
-1.381267341254988623e-01
-1.419903127300817525e-01
-1.455563231780611089e-01
-1.488169983642360916e-01
-1.517651559608341472e-01
-1.543942121685539792e-01
-1.566981944877224309e-01
-1.586717534898990922e-01
-1.603101735713191867e-01
-1.616093826706445358e-01
-1.625659609345748158e-01
-1.631771483159848712e-01
-1.634408510903677669e-01
-1.633556472775104240e-01
-1.629207909564857060e-01
-1.621362154632274566e-01
-1.610025354611608894e-01
-1.595210478765839712e-01
-1.576937316917554621e-01
-1.555232465899145378e-01
-1.530129304477720054e-01
-1.501667956723399255e-01
-1.469895243803327201e-01
-1.434864624197639549e-01
-1.396636122347862385e-01
-1.355276245762749576e-01
-1.310857890621409672e-01
-1.263460235928735020e-01
-1.213168626293627400e-01
-1.160074443416288653e-01
-1.104274966386939866e-01
-1.045873220914733531e-01
-9.849778176223045190e-02
-9.217027795583977723e-02
-8.561673590982128712e-02
-7.884958444186601634e-02
-7.188173557534363600e-02
-6.472656316507825747e-02
-5.739788054749719870e-02
-4.990991724108952837e-02
-4.227729472496048052e-02
-3.451500132512669988e-02
-2.663836624006792747e-02
-1.866303273892504916e-02
-1.060493056760892193e-02
-2.480247599959452005e-03
5.694599227035855235e-03
1.390299365310154744e-02
2.212815046690353588e-02
3.035314646611752404e-02
3.856095195900979822e-02
4.673446275943153594e-02
5.485653262539739311e-02
6.291000608972091568e-02
7.087775162953548203e-02
7.874269511992974813e-02
8.648785351538686161e-02
9.409636870123826158e-02
1.015343543374558621e-01
1.087474254280565295e-01
1.157231349086380312e-01
1.224517553142135395e-01
1.289245193078932539e-01
1.351336040713538300e-01
1.410721132675362699e-01
1.467340567875323187e-01
1.521143284893679004e-01
1.572086821314819249e-01
1.620137056981814372e-01
1.665267943083307001e-01
1.707461218920441615e-01
1.746706118132888841e-01
1.782999063325594880e-01
1.816343356698253142e-01
1.846748872915597028e-01
1.874231733714717962e-01
1.898813985334281140e-01
1.920523274670216107e-01
1.939392525223418429e-01
1.955459613999707691e-01
1.968767050443353817e-01
1.979361658407517433e-01
1.987294262088184493e-01
1.992619376772940820e-01
1.995394905182369949e-01
1.995681840110278549e-01
1.993543973999441776e-01
1.989047616022387721e-01
1.982261317690932612e-01
1.973255624778254558e-01
1.962102822281924508e-01
1.948876664489092858e-01
1.933652134620819640e-01
1.916505215317196587e-01
1.897512668961345295e-01
1.876751827966773034e-01
1.854300395109205191e-01
1.830236253943453018e-01
1.804637289307989834e-01
1.777581217884739717e-01
1.749145428748949127e-01
1.719406833814012825e-01
1.688441728048550861e-01
1.656325659317926247e-01
1.623133307679541504e-01
1.588938373940755600e-01
1.553813477269805066e-01
1.517830061633868022e-01
1.481058310824007185e-01
1.443567071814315650e-01
1.405423786191962177e-01
1.366681575244843572e-01
1.327371102637834310e-01
1.287557434665818901e-01
1.247305807567622438e-01
1.206679831594872770e-01
1.165741443123832488e-01
1.124550864311679305e-01
1.083166569989564149e-01
1.041645261479183099e-01
1.000041847015692986e-01
9.584094284573155265e-02
9.167992939609524716e-02
8.752609163033021888e-02
8.338419565284191370e-02
7.925882726051182436e-02
7.515439327811408721e-02
7.107512333253383774e-02
6.702507203543697778e-02
6.300812154463042436e-02
5.902798447500610252e-02
5.508820713067455466e-02
5.119217303065624197e-02
4.734310670129251303e-02
4.354407770937809147e-02
3.979800491087916170e-02
3.610766089098074727e-02
3.247567657210773118e-02
2.890454598893032329e-02
2.539663257185613768e-02
2.195417216728619281e-02
1.857927776745859488e-02
1.527394550209467544e-02
1.204005981515971456e-02
8.879398671539603591e-03
5.793638777450828801e-03
2.784360799243992650e-03
-1.469454339230847164e-04
-2.998875757284614162e-03
-5.770106540503278092e-03
-8.459389612786829410e-03
-1.106554725462016199e-02
-1.358746726696647734e-02
-1.602409812816076723e-02
-1.837444424810364546e-02
-2.063749400123537914e-02
-2.281223899284368431e-02
-2.489782265170613004e-02
-2.689342822263243032e-02
-2.879827297405200895e-02
-3.061160418823659704e-02
-3.233269530311318890e-02
-3.396084221159578753e-02
-3.549535972405705453e-02
-3.693557819927494046e-02
-3.828084034892428184e-02
-3.953049822045985595e-02
-4.068391036303899144e-02
-4.174043918094660910e-02
-4.269944847884392380e-02
-4.356030120302987335e-02
-4.432235738279702991e-02
-4.498497227587944236e-02
-4.554749472192552717e-02
-4.600926570786759151e-02
-4.636961714903355125e-02
-4.662787088982157241e-02
-4.678333803580181360e-02
-4.683531786459781826e-02
